Selected Indices:
1293
77
4485
4183
4915
4425
972
249
4329
3596
597
3488
1481
2903
2663
4350
4410
1429
4078
2073
1240
4550
4857
2466
222
1378
4896
1715
2004
2569
203
4958
26
509
2117
3543
3137
707
3349
969
1320
2584
1222
438
4351
4333
1106
4291
261
3908
2689
2495
3705
487
1155
2267
2859
2260
775
1828
1549
4719
4377
1493
436
4993
95
1092
2030
1418
689
2349
4955
4846
472
547
1067
1268
3870
2879
1401
697
4518
1584
869
4942
2759
4702
953
2249
416
4807
159
466
2193
2541
970
3038
3984
3171
381
3227
2690
3994
3484
1661
429
4929
1116
4808
3517
3822
1442
55
1973
3473
1134
4756
2156
3633
323
801
2087
71
2808
1059
1351
2019
4563
1057
51
4480
4582
661
2917
656
3350
1525
1652
3387
1361
1957
4003
4187
3686
2905
1752
4720
3519
984
3886
4058
4355
4324
2549
4725
1797
2512
2739
1290
945
3081
425
197
3878
1414
4105
1499
39
3010
1978
837
4519
4862
1097
3580
4032
3741
2891
4312
2020
3291
422
1996
285
3012
3973
2887
2195
4503
4631
3191
4235
4295
4178
1829
3835
2224
3850
4909
3494
384
4089
933
736
1233
4134
1376
610
1393
3865
4988
4341
2288
2504
3286
3689
3071
443
4479
3789
1537
3874
1703
3240
4357
3960
4773
308
1572
1788
2227
2883
105
2838
1148
4163
4797
2244
1436
2105
3920
2397
3854
759
1482
3276
1195
643
2141
2608
2528
4671
4848
2155
3992
4482
4268
918
4651
3035
616
2126
2114
588
4619
4616
4912
4150
1026
3659
4269
3364
2283
1774
4714
4239
3703
4093
4492
3082
3154
2086
4820
2049
2056
2540
2854
2045
1527
533
1394
3355
174
3013
2955
1707
551
3454
867
4465
4173
3313
2286
3054
3976
3306
3560
599
107
4608
2752
2024
4977
1911
3174
2252
3108
1624
557
1793
3284
231
3496
3939
1991
4760
3065
1438
3234
1081
2818
881
2543
4917
167
1544
3150
1129
202
2192
3404
4800
1770
3489
2013
586
3312
1534
2134
2271
484
2728
3620
3490
3253
2336
3921
3794
4633
1962
1877
3726
405
4634
2649
4367
3459
4611
320
3432
4210
2508
3200
3602
2206
2583
1203
2108
2880
4529
2009
165
2231
3210
4015
4133
4900
4841
387
2373
3207
1273
925
3426
3145
1354
2099
1692
766
2675
4882
3367
2008
1327
2026
2469
2124
819
2208
4679
2676
3869
370
3016
4916
3458
4712
3675
2122
3916
744
2620
2072
2826
4843
223
1049
1064
3635
2755
177
3880
3140
1426
2405
2615
4466
749
740
14
4623
718
2097
1800
4924
4581
589
4200
3381
4383
1815
3485
4951
3628
559
3667
3907
3697
601
4375
2836
2476
2819
1443
1633
1920
4991
4444
4523
2700
861
1896
210
82
492
1060
2747
1189
3516
483
362
2167
4547
912
101
1066
52
247
995
75
818
1390
1548
731
1738
1987
1363
3211
614
