#! FIELDS time phi1
#! SET min_phi1 -pi
#! SET max_phi1 pi
 0.000000 -0.760128
 0.500000 -1.272285
 1.000000 -1.627255
 1.500000 -1.495824
 2.000000 -1.279899
 2.500000 -0.784711
 3.000000 1.190451
 3.500000 1.145588
 4.000000 1.236412
 4.500000 1.348685
 5.000000 1.471724
 5.500000 0.680745
 6.000000 0.769230
 6.500000 0.983300
 7.000000 1.337048
 7.500000 1.472229
 8.000000 0.703688
 8.500000 1.026504
 9.000000 -2.507441
 9.500000 1.153898
 10.000000 1.284196
 10.500000 0.678055
 11.000000 2.529978
 11.500000 -1.226947
 12.000000 1.111461
 12.500000 -1.238754
 13.000000 -0.949670
 13.500000 -0.740551
 14.000000 0.930946
 14.500000 -1.178525
 15.000000 -1.192170
 15.500000 -1.415897
 16.000000 -1.344185
 16.500000 -1.090458
 17.000000 -0.360381
 17.500000 -1.132774
 18.000000 -1.674161
 18.500000 -1.215252
 19.000000 -0.973273
 19.500000 -1.786584
 20.000000 3.019940
 20.500000 2.314648
 21.000000 -1.021229
 21.500000 1.238960
 22.000000 1.345533
 22.500000 1.301459
 23.000000 1.103061
 23.500000 1.352139
 24.000000 -2.593676
 24.500000 1.432562
 25.000000 1.190696
 25.500000 1.323743
 26.000000 1.342927
 26.500000 1.227812
 27.000000 0.592792
 27.500000 -2.379119
 28.000000 2.448548
 28.500000 1.019418
 29.000000 1.148452
 29.500000 0.424013
 30.000000 -0.928976
 30.500000 -1.156527
 31.000000 -1.184586
 31.500000 -0.936247
 32.000000 -1.473964
 32.500000 -1.179200
 33.000000 -0.924030
 33.500000 -1.412035
 34.000000 -1.163806
 34.500000 -1.094039
 35.000000 -0.817639
 35.500000 -0.962872
 36.000000 -1.401912
 36.500000 -1.248652
 37.000000 -1.188127
 37.500000 -1.025886
 38.000000 -1.150210
 38.500000 -1.149973
 39.000000 -1.256360
 39.500000 -1.101097
 40.000000 -1.224677
 40.500000 -1.244033
 41.000000 -1.250503
 41.500000 -1.191534
 42.000000 -1.204672
 42.500000 -0.941453
 43.000000 -1.449249
 43.500000 -1.265111
 44.000000 -1.177830
 44.500000 -1.232508
 45.000000 -1.032355
 45.500000 -1.408682
 46.000000 -1.232189
 46.500000 -1.579201
 47.000000 -1.358428
 47.500000 -2.041702
 48.000000 -2.828575
 48.500000 3.101439
 49.000000 3.060454
 49.500000 2.997182
 50.000000 3.054492
 50.500000 3.003829
 51.000000 -3.092911
 51.500000 -3.058274
 52.000000 -3.009182
 52.500000 2.909433
 53.000000 3.034387
 53.500000 3.065282
 54.000000 -3.136537
 54.500000 2.869564
 55.000000 -3.043054
 55.500000 3.141246
 56.000000 2.871953
 56.500000 3.052313
 57.000000 -2.998420
 57.500000 -3.074176
 58.000000 3.120511
 58.500000 2.937840
 59.000000 3.089674
 59.500000 -2.930891
 60.000000 3.076306
 60.500000 2.820207
 61.000000 -3.137149
 61.500000 -2.810401
 62.000000 3.089813
 62.500000 2.907510
 63.000000 -2.913239
 63.500000 -3.007544
 64.000000 3.025750
 64.500000 2.981697
 65.000000 -3.094245
 65.500000 -3.042918
 66.000000 3.039171
 66.500000 2.907520
 67.000000 -2.954863
 67.500000 -2.984237
 68.000000 -3.131354
 68.500000 3.102716
 69.000000 -3.055290
 69.500000 3.073412
 70.000000 3.010583
 70.500000 -3.062854
 71.000000 -2.855165
 71.500000 3.083332
 72.000000 2.936232
 72.500000 -3.106142
 73.000000 -2.996389
 73.500000 -2.772277
 74.000000 3.047364
 74.500000 2.877867
 75.000000 2.914348
 75.500000 3.071087
 76.000000 -2.900538
 76.500000 -3.136569
 77.000000 -3.038464
 77.500000 -2.930344
 78.000000 2.364950
 78.500000 -2.559998
 79.000000 2.965373
 79.500000 -2.436386
 80.000000 -1.505510
 80.500000 -1.390036
 81.000000 0.129073
 81.500000 -1.228045
 82.000000 -1.212700
 82.500000 1.478483
 83.000000 1.927203
 83.500000 -3.028891
 84.000000 0.749388
 84.500000 0.978370
 85.000000 1.210584
 85.500000 1.559573
 86.000000 0.661824
 86.500000 0.820496
 87.000000 0.909689
 87.500000 0.920921
 88.000000 2.632338
 88.500000 0.521356
 89.000000 -2.339348
 89.500000 -3.118746
 90.000000 2.376399
 90.500000 2.029397
 91.000000 1.599370
 91.500000 0.681713
 92.000000 1.522437
 92.500000 0.884510
 93.000000 1.306893
 93.500000 1.653762
 94.000000 1.319756
 94.500000 0.239798
 95.000000 -1.393224
 95.500000 -1.167682
 96.000000 -1.349667
 96.500000 -1.990845
 97.000000 1.593158
 97.500000 1.285635
 98.000000 1.067785
 98.500000 0.895613
 99.000000 1.316213
 99.500000 1.289393
 100.000000 1.764719
 100.500000 -1.068385
 101.000000 -0.861292
 101.500000 -1.411755
 102.000000 -0.510063
 102.500000 -1.495494
 103.000000 -0.789932
 103.500000 -1.292586
 104.000000 -1.511700
 104.500000 -1.241174
 105.000000 -0.971771
 105.500000 -0.882181
 106.000000 -1.100140
 106.500000 -0.937540
 107.000000 -1.162837
 107.500000 -1.233288
 108.000000 -1.173461
 108.500000 -0.740319
 109.000000 -1.006844
 109.500000 -1.057935
 110.000000 -1.292045
 110.500000 1.877929
 111.000000 2.390481
 111.500000 -2.209666
 112.000000 2.658364
 112.500000 -2.552908
 113.000000 2.896438
 113.500000 2.954275
 114.000000 -2.415563
 114.500000 2.598425
 115.000000 -2.630153
 115.500000 -3.085773
 116.000000 2.731498
 116.500000 -3.077376
 117.000000 -2.772685
 117.500000 2.717315
 118.000000 -2.581725
 118.500000 2.589433
 119.000000 -2.755688
 119.500000 2.695384
 120.000000 -3.007049
 120.500000 -2.849893
 121.000000 2.954126
 121.500000 3.097614
 122.000000 -2.911041
 122.500000 3.094624
 123.000000 2.888933
 123.500000 -3.057293
 124.000000 -3.045479
 124.500000 2.912723
 125.000000 3.135164
 125.500000 -3.075039
 126.000000 2.836505
 126.500000 3.110180
 127.000000 3.026694
 127.500000 3.080037
 128.000000 -2.920909
 128.500000 3.001264
 129.000000 3.086133
 129.500000 -2.819524
 130.000000 3.058408
 130.500000 3.043095
 131.000000 -2.886996
 131.500000 3.121509
 132.000000 3.017116
 132.500000 -2.908928
 133.000000 3.024527
 133.500000 -3.100782
 134.000000 -3.105060
 134.500000 -3.129305
 135.000000 -3.087820
 135.500000 3.109068
 136.000000 3.070914
 136.500000 3.063204
 137.000000 -2.999509
 137.500000 -3.096328
 138.000000 -3.115788
 138.500000 2.989361
 139.000000 -3.099206
 139.500000 3.122708
 140.000000 -3.140329
 140.500000 3.040524
 141.000000 3.112701
 141.500000 -2.992608
 142.000000 -3.103764
 142.500000 -3.029996
 143.000000 2.933873
 143.500000 -2.826685
 144.000000 3.017744
 144.500000 2.836761
 145.000000 -2.744736
 145.500000 2.964253
 146.000000 2.903205
 146.500000 -3.042737
 147.000000 -3.084784
 147.500000 3.114837
 148.000000 -3.054430
 148.500000 -3.027953
 149.000000 3.074682
 149.500000 2.882947
 150.000000 -2.838238
 150.500000 3.131298
 151.000000 2.860452
 151.500000 -2.758813
 152.000000 2.568712
 152.500000 -2.648305
 153.000000 2.678982
 153.500000 2.584862
 154.000000 -2.658757
 154.500000 0.814443
 155.000000 0.533050
 155.500000 -2.413611
 156.000000 -2.020732
 156.500000 -2.938017
 157.000000 2.786187
 157.500000 -2.696928
 158.000000 2.823293
 158.500000 2.846669
 159.000000 3.010771
 159.500000 -2.969937
 160.000000 -2.735456
 160.500000 -3.039252
 161.000000 2.867111
 161.500000 -2.917479
 162.000000 -2.975647
 162.500000 2.929879
 163.000000 2.920014
 163.500000 -2.920077
 164.000000 -2.945687
 164.500000 -3.095791
 165.000000 3.030648
 165.500000 2.985198
 166.000000 3.065062
 166.500000 -2.938932
 167.000000 -2.905035
 167.500000 -3.028936
 168.000000 2.870479
 168.500000 3.030514
 169.000000 -2.808253
 169.500000 3.060465
 170.000000 3.100967
 170.500000 -2.823376
 171.000000 -3.111157
 171.500000 3.024618
 172.000000 2.616451
 172.500000 -2.706561
 173.000000 2.531998
 173.500000 -3.094796
 174.000000 -2.761340
 174.500000 -2.482013
 175.000000 -2.853039
 175.500000 -0.625258
 176.000000 -1.603138
 176.500000 -1.264184
 177.000000 1.094769
 177.500000 0.900633
 178.000000 2.636257
 178.500000 -1.625761
 179.000000 2.714142
 179.500000 -0.923182
 180.000000 -0.734005
 180.500000 -1.063176
 181.000000 -1.295690
 181.500000 -0.884153
 182.000000 -1.084173
 182.500000 -0.989707
 183.000000 -1.067354
 183.500000 -1.340756
 184.000000 -1.393367
 184.500000 -1.198534
 185.000000 -0.875905
 185.500000 -1.010304
 186.000000 -1.499849
 186.500000 -1.116629
 187.000000 -0.815037
 187.500000 -1.609941
 188.000000 -1.105445
 188.500000 -0.834682
 189.000000 -1.641292
 189.500000 -1.054528
 190.000000 -1.308477
 190.500000 -0.992174
 191.000000 -1.146723
 191.500000 -1.559556
 192.000000 -1.155070
 192.500000 -0.983068
 193.000000 -1.341808
 193.500000 -1.336732
 194.000000 -1.167565
 194.500000 -0.762363
 195.000000 -0.982738
 195.500000 -1.238673
 196.000000 -0.994620
 196.500000 -1.570170
 197.000000 -1.305686
 197.500000 -1.628680
 198.000000 -1.587736
 198.500000 -0.589538
 199.000000 2.045227
 199.500000 -0.665896
 200.000000 2.069189
 200.500000 2.518378
 201.000000 1.067720
 201.500000 0.936108
 202.000000 1.535020
 202.500000 1.364959
 203.000000 0.972330
 203.500000 0.959564
 204.000000 1.254245
 204.500000 1.277306
 205.000000 1.217844
 205.500000 1.475443
 206.000000 1.517394
 206.500000 0.884762
 207.000000 1.303820
 207.500000 0.908409
 208.000000 1.057533
 208.500000 1.431072
 209.000000 0.884735
 209.500000 0.882148
 210.000000 1.151391
 210.500000 1.162522
 211.000000 1.201521
 211.500000 1.275115
 212.000000 1.200700
 212.500000 1.649421
 213.000000 1.530929
 213.500000 0.811640
 214.000000 1.285219
 214.500000 1.385693
 215.000000 0.878012
 215.500000 1.205781
 216.000000 1.586231
 216.500000 0.877789
 217.000000 1.297399
 217.500000 0.801313
 218.000000 1.465233
 218.500000 1.674416
 219.000000 1.377935
 219.500000 2.023927
 220.000000 1.096502
 220.500000 1.618236
 221.000000 0.684034
 221.500000 1.444034
 222.000000 -0.743168
 222.500000 -2.585514
 223.000000 -2.632477
 223.500000 2.557472
 224.000000 -2.738528
 224.500000 2.757447
 225.000000 -2.581644
 225.500000 2.799237
 226.000000 -3.055819
 226.500000 -3.001062
 227.000000 -2.880796
 227.500000 -3.008973
 228.000000 3.126914
 228.500000 -3.122606
 229.000000 -3.039011
 229.500000 3.117866
 230.000000 -2.974214
 230.500000 2.663436
 231.000000 -2.930989
 231.500000 2.695710
 232.000000 -2.608925
 232.500000 2.660352
 233.000000 3.066590
 233.500000 -2.847262
 234.000000 -2.801237
 234.500000 -3.136047
 235.000000 3.139563
 235.500000 -3.135564
 236.000000 2.911791
 236.500000 -3.052426
 237.000000 -3.000389
 237.500000 2.818894
 238.000000 3.037622
 238.500000 -3.087653
 239.000000 -2.799796
 239.500000 3.125191
 240.000000 2.963214
 240.500000 -3.122776
 241.000000 -3.000352
 241.500000 -3.033375
 242.000000 2.970555
 242.500000 2.984437
 243.000000 3.103118
 243.500000 3.069429
 244.000000 2.955525
 244.500000 -3.092428
 245.000000 -3.102395
 245.500000 -2.966287
 246.000000 2.774990
 246.500000 3.085094
 247.000000 -3.027347
 247.500000 -3.057089
 248.000000 3.083823
 248.500000 2.705131
 249.000000 -2.781652
 249.500000 -2.883919
 250.000000 -2.993375
 250.500000 2.914899
 251.000000 3.118788
 251.500000 3.137604
 252.000000 3.104056
 252.500000 -3.097720
 253.000000 -2.610477
 253.500000 2.869229
 254.000000 2.808519
 254.500000 2.694756
 255.000000 2.946163
 255.500000 -3.131949
 256.000000 2.490017
 256.500000 -2.882155
 257.000000 -3.119080
 257.500000 2.870311
 258.000000 2.967617
 258.500000 -3.109338
 259.000000 -2.857824
 259.500000 -2.661343
 260.000000 -2.114427
 260.500000 -2.691141
 261.000000 -1.108544
 261.500000 -1.164118
 262.000000 -2.106569
 262.500000 1.600845
 263.000000 -2.631507
 263.500000 -1.156603
 264.000000 -1.449501
 264.500000 -1.413098
 265.000000 -0.733156
 265.500000 -1.227757
 266.000000 -1.364695
 266.500000 -1.204322
 267.000000 -1.275337
 267.500000 -1.462973
 268.000000 -1.319656
 268.500000 -1.184115
 269.000000 -1.151767
 269.500000 -1.593835
 270.000000 -0.651020
 270.500000 -1.203717
 271.000000 -1.313651
 271.500000 -1.000296
 272.000000 -1.548845
 272.500000 -1.712631
 273.000000 -0.842002
 273.500000 -0.900474
 274.000000 -1.329650
 274.500000 -1.358185
 275.000000 -1.095941
 275.500000 -1.012269
 276.000000 -1.302772
 276.500000 -0.844757
 277.000000 -1.212060
 277.500000 -1.274654
 278.000000 -1.023328
 278.500000 -1.393169
 279.000000 -1.166863
 279.500000 -1.233866
 280.000000 -0.812364
 280.500000 -0.953767
 281.000000 -1.114420
 281.500000 -1.175850
 282.000000 -0.929619
 282.500000 -1.111939
 283.000000 -1.474886
 283.500000 -1.188790
 284.000000 -0.900624
 284.500000 -1.281906
 285.000000 -1.241035
 285.500000 -0.987169
 286.000000 -1.140839
 286.500000 -1.364766
 287.000000 -0.975237
 287.500000 -1.114995
 288.000000 -1.241511
 288.500000 -1.216028
 289.000000 -1.176813
 289.500000 -1.191269
 290.000000 -1.213850
 290.500000 -0.961885
 291.000000 -1.204794
 291.500000 -1.092016
 292.000000 -1.137844
 292.500000 -1.068386
 293.000000 -1.182480
 293.500000 -1.273585
 294.000000 -1.170000
 294.500000 -0.995957
 295.000000 -0.998161
 295.500000 -1.249049
 296.000000 -1.189355
 296.500000 -1.066084
 297.000000 -1.113485
 297.500000 -1.376235
 298.000000 -1.354534
 298.500000 -0.892483
 299.000000 -0.935048
 299.500000 -1.426742
 300.000000 -1.432611
 300.500000 -0.937421
 301.000000 -0.783362
 301.500000 -1.361499
 302.000000 -1.307911
 302.500000 -0.857094
 303.000000 -1.132607
 303.500000 -1.269697
 304.000000 -1.262744
 304.500000 -0.643204
 305.000000 -1.140701
 305.500000 -1.654166
 306.000000 -1.207023
 306.500000 -0.817762
 307.000000 -1.137983
 307.500000 -1.565033
 308.000000 -1.065647
 308.500000 -0.988207
 309.000000 -1.242215
 309.500000 -1.128471
 310.000000 -1.185558
 310.500000 -1.307152
 311.000000 -1.324507
 311.500000 -0.960099
 312.000000 -0.955426
 312.500000 -1.270099
 313.000000 -0.946043
 313.500000 -1.286053
 314.000000 -1.247171
 314.500000 -1.118363
 315.000000 -1.144679
 315.500000 -1.099549
 316.000000 -1.212557
 316.500000 -1.056751
 317.000000 -1.272299
 317.500000 -1.087694
 318.000000 -1.092134
 318.500000 -1.527340
 319.000000 2.842637
 319.500000 -2.622012
 320.000000 2.651676
 320.500000 2.889794
 321.000000 -3.091376
 321.500000 -2.860746
 322.000000 3.084990
 322.500000 2.797973
 323.000000 -2.940574
 323.500000 -2.833137
 324.000000 3.028451
 324.500000 1.693248
 325.000000 0.934869
 325.500000 0.734013
 326.000000 0.913072
 326.500000 1.008988
 327.000000 1.168748
 327.500000 1.360897
 328.000000 2.121382
 328.500000 -1.572998
 329.000000 1.393196
 329.500000 -0.245578
 330.000000 2.579573
 330.500000 -2.339511
 331.000000 -1.477154
 331.500000 -1.427536
 332.000000 -1.226135
 332.500000 -0.613826
 333.000000 -1.091117
 333.500000 -1.191707
 334.000000 -1.433942
 334.500000 -1.267261
 335.000000 -0.622699
 335.500000 -1.192839
 336.000000 -1.423422
 336.500000 -1.420184
 337.000000 -1.293568
 337.500000 -0.911049
 338.000000 -1.321398
 338.500000 -1.459751
 339.000000 -1.033397
 339.500000 -0.971773
 340.000000 -1.211580
 340.500000 -0.989760
 341.000000 -0.894926
 341.500000 -0.756217
 342.000000 -1.247126
 342.500000 -1.571748
 343.000000 -1.100977
 343.500000 -1.714505
 344.000000 2.474048
 344.500000 -2.526722
 345.000000 -3.030121
 345.500000 2.721484
 346.000000 3.038010
 346.500000 3.047641
 347.000000 3.086345
 347.500000 -2.931777
 348.000000 -2.923170
 348.500000 -2.977686
 349.000000 2.996473
 349.500000 3.059533
 350.000000 3.014576
 350.500000 -3.092897
 351.000000 -2.900259
 351.500000 -3.115539
 352.000000 2.745114
 352.500000 -2.788602
 353.000000 2.581688
 353.500000 2.950321
 354.000000 3.039311
 354.500000 2.976478
 355.000000 2.956919
 355.500000 3.052481
 356.000000 3.086540
 356.500000 2.936667
 357.000000 3.025724
 357.500000 3.078625
 358.000000 3.041148
 358.500000 -2.956392
 359.000000 -2.894522
 359.500000 3.130631
 360.000000 2.687136
 360.500000 3.003257
 361.000000 -3.129221
 361.500000 -2.972511
 362.000000 3.132857
 362.500000 -2.639091
 363.000000 3.090076
 363.500000 2.798139
 364.000000 3.098374
 364.500000 3.035160
 365.000000 2.884142
 365.500000 -2.939162
 366.000000 -3.014380
 366.500000 -3.140404
 367.000000 2.940014
 367.500000 -3.120105
 368.000000 3.074243
 368.500000 2.876422
 369.000000 -2.362714
 369.500000 -1.936212
 370.000000 -1.702927
 370.500000 2.495200
 371.000000 0.219460
 371.500000 1.350805
 372.000000 1.133684
 372.500000 1.186585
 373.000000 2.211711
 373.500000 -0.764476
 374.000000 2.263518
 374.500000 1.543584
 375.000000 0.892906
 375.500000 -1.435174
 376.000000 1.480033
 376.500000 1.361749
 377.000000 -0.692484
 377.500000 -2.362710
 378.000000 2.845153
 378.500000 -3.110384
 379.000000 2.140639
 379.500000 0.603219
 380.000000 1.284615
 380.500000 -1.114329
 381.000000 -1.223096
 381.500000 -1.355581
 382.000000 -2.228794
 382.500000 1.259269
 383.000000 -1.349876
 383.500000 -1.033497
 384.000000 -0.540713
 384.500000 -1.273807
 385.000000 3.070362
 385.500000 -0.449076
 386.000000 0.449994
 386.500000 -1.316565
 387.000000 -0.993557
 387.500000 2.416557
 388.000000 2.324019
 388.500000 1.889309
 389.000000 1.115173
 389.500000 0.967787
 390.000000 -1.369498
 390.500000 -1.401382
 391.000000 -1.616833
 391.500000 -2.842868
 392.000000 -3.095406
 392.500000 2.885266
 393.000000 -3.109351
 393.500000 -2.905735
 394.000000 3.118079
 394.500000 2.881183
 395.000000 -2.962157
 395.500000 3.110391
 396.000000 2.655140
 396.500000 -3.041812
 397.000000 -2.799779
 397.500000 2.697776
 398.000000 -3.026426
 398.500000 -2.711084
 399.000000 2.754158
 399.500000 -2.536731
 400.000000 2.628041
 400.500000 -2.957324
 401.000000 -3.076900
 401.500000 2.782354
 402.000000 -2.785526
 402.500000 -3.032136
 403.000000 2.804991
 403.500000 -2.750712
 404.000000 2.865742
 404.500000 2.735740
 405.000000 -3.047413
 405.500000 -2.957330
 406.000000 3.004372
 406.500000 2.669989
 407.000000 -2.857149
 407.500000 -3.105267
 408.000000 2.864275
 408.500000 2.771050
 409.000000 -3.075643
 409.500000 -2.845351
 410.000000 -2.924944
 410.500000 2.869615
 411.000000 -2.992747
 411.500000 -3.021936
 412.000000 3.027186
 412.500000 3.022272
 413.000000 -3.109357
 413.500000 -2.821629
 414.000000 3.125666
 414.500000 2.821092
 415.000000 3.120630
 415.500000 -2.648521
 416.000000 2.973688
 416.500000 2.960784
 417.000000 2.727287
 417.500000 -2.967645
 418.000000 -2.861857
 418.500000 3.041883
 419.000000 2.886066
 419.500000 -2.626092
 420.000000 3.062286
 420.500000 3.080451
 421.000000 2.862086
 421.500000 2.833492
 422.000000 2.940916
 422.500000 2.746721
 423.000000 -2.676957
 423.500000 -2.988118
 424.000000 2.805908
 424.500000 -2.936911
 425.000000 -2.848814
 425.500000 2.544683
 426.000000 -2.365287
 426.500000 -2.400555
 427.000000 0.828950
 427.500000 1.766359
 428.000000 -1.266191
 428.500000 -1.246472
 429.000000 -0.965069
 429.500000 -1.352956
 430.000000 -1.056286
 430.500000 -1.092196
 431.000000 -1.129001
 431.500000 -1.374206
 432.000000 -0.807581
 432.500000 -1.392790
 433.000000 -1.080974
 433.500000 -1.058404
 434.000000 -1.308459
 434.500000 -0.850653
 435.000000 -1.175819
 435.500000 -1.379419
 436.000000 -0.998875
 436.500000 -1.101423
 437.000000 -1.281592
 437.500000 -0.978295
 438.000000 -1.556278
 438.500000 -1.175915
 439.000000 -0.885363
 439.500000 -1.217442
 440.000000 -1.432931
 440.500000 -1.000636
 441.000000 -1.233084
 441.500000 -1.158859
 442.000000 -0.718665
 442.500000 -0.913521
 443.000000 -1.401557
 443.500000 -1.192078
 444.000000 -0.907224
 444.500000 -1.239914
 445.000000 -1.114847
 445.500000 -1.466346
 446.000000 -1.084222
 446.500000 -1.302015
 447.000000 -1.062225
 447.500000 -0.876343
 448.000000 -0.898739
 448.500000 -1.221938
 449.000000 -1.638253
 449.500000 -1.013347
 450.000000 -0.750185
 450.500000 -1.517657
 451.000000 -0.973571
 451.500000 -1.442986
 452.000000 -1.143451
 452.500000 -1.085002
 453.000000 -1.428523
 453.500000 -2.860237
 454.000000 2.457085
 454.500000 0.783400
 455.000000 1.267625
 455.500000 1.131841
 456.000000 1.021187
 456.500000 1.509919
 457.000000 0.817497
 457.500000 1.377208
 458.000000 1.510803
 458.500000 1.081196
 459.000000 0.919556
 459.500000 0.758274
 460.000000 -2.108459
 460.500000 1.592823
 461.000000 0.873945
 461.500000 1.181675
 462.000000 1.130353
 462.500000 1.211256
 463.000000 -2.758926
 463.500000 -1.561682
 464.000000 -1.604883
 464.500000 -1.626470
 465.000000 -1.360584
 465.500000 2.114171
 466.000000 1.438231
 466.500000 0.783051
 467.000000 0.661263
 467.500000 1.419706
 468.000000 1.501825
 468.500000 0.634572
 469.000000 1.052786
 469.500000 1.556061
 470.000000 0.827126
 470.500000 1.078425
 471.000000 0.947958
 471.500000 0.896826
 472.000000 1.250917
 472.500000 1.354053
 473.000000 1.186576
 473.500000 1.187926
 474.000000 -2.238263
 474.500000 -1.352996
 475.000000 -1.666149
 475.500000 0.384137
 476.000000 0.094434
 476.500000 -1.633928
 477.000000 -1.386577
 477.500000 -0.678009
 478.000000 -1.346239
 478.500000 -0.855249
 479.000000 -0.924364
 479.500000 -3.010622
 480.000000 -2.646426
 480.500000 2.507965
 481.000000 -2.621850
 481.500000 2.709544
 482.000000 -2.463655
 482.500000 2.672288
 483.000000 -2.654981
 483.500000 -2.994565
 484.000000 2.836213
 484.500000 -3.122189
 485.000000 -2.644223
 485.500000 -2.692351
 486.000000 2.727504
 486.500000 -3.087610
 487.000000 -2.883297
 487.500000 -2.941149
 488.000000 2.774413
 488.500000 2.536514
 489.000000 0.529944
 489.500000 1.029287
 490.000000 1.367557
 490.500000 -1.920888
 491.000000 -1.142753
 491.500000 -1.306487
 492.000000 -1.240889
 492.500000 -1.189141
 493.000000 -1.162887
 493.500000 -1.070154
 494.000000 -1.199199
 494.500000 -1.090724
 495.000000 -1.584311
 495.500000 -0.896539
 496.000000 -1.063176
 496.500000 -1.279776
 497.000000 -1.703880
 497.500000 -1.205960
 498.000000 -0.916457
 498.500000 -1.482273
 499.000000 -1.165011
 499.500000 -1.103631
 500.000000 -1.338654
 500.500000 -1.412834
 501.000000 -1.038004
 501.500000 -1.093456
 502.000000 -1.312072
 502.500000 -1.352963
 503.000000 -1.105344
 503.500000 -1.085740
 504.000000 -1.185680
 504.500000 -1.038658
 505.000000 -1.102438
 505.500000 -1.443981
 506.000000 -1.157445
 506.500000 -1.268717
 507.000000 -1.330939
 507.500000 -1.075565
 508.000000 -1.356904
 508.500000 -1.578680
 509.000000 -2.804442
 509.500000 -2.781550
 510.000000 2.697298
 510.500000 -2.694363
 511.000000 2.736036
 511.500000 -2.978438
 512.000000 -2.913636
 512.500000 2.606461
 513.000000 -2.812425
 513.500000 -2.940424
 514.000000 2.912311
 514.500000 2.726787
 515.000000 3.064706
 515.500000 -2.814863
 516.000000 -2.854634
 516.500000 3.107819
 517.000000 -3.016440
 517.500000 2.907066
 518.000000 3.009623
 518.500000 3.071681
 519.000000 -3.005975
 519.500000 -2.926933
 520.000000 3.129163
 520.500000 2.865170
 521.000000 -3.072253
 521.500000 -2.900518
 522.000000 3.057045
 522.500000 2.931471
 523.000000 -2.959504
 523.500000 -2.735807
 524.000000 2.821577
 524.500000 2.807376
 525.000000 -2.748728
 525.500000 2.993867
 526.000000 -2.506131
 526.500000 2.737677
 527.000000 2.817012
 527.500000 -2.516123
 528.000000 -2.801576
 528.500000 -2.529067
 529.000000 -2.481939
 529.500000 2.884044
 530.000000 -2.575763
 530.500000 1.403522
 531.000000 -0.839665
 531.500000 -0.336649
 532.000000 -0.760936
 532.500000 1.430189
 533.000000 -2.839481
 533.500000 2.210924
 534.000000 1.732822
 534.500000 1.257397
 535.000000 1.451857
 535.500000 1.595757
 536.000000 -3.035350
 536.500000 0.802313
 537.000000 1.577124
 537.500000 2.143261
 538.000000 -1.553995
 538.500000 -1.476125
 539.000000 -1.382273
 539.500000 -1.075568
 540.000000 -1.175296
 540.500000 -0.832188
 541.000000 -1.434696
 541.500000 -1.586307
 542.000000 1.448094
 542.500000 1.096903
 543.000000 2.091269
 543.500000 -1.487739
 544.000000 -1.381706
 544.500000 1.761896
 545.000000 -1.013290
 545.500000 -1.449344
 546.000000 -1.137294
 546.500000 1.005223
 547.000000 -1.306229
 547.500000 -2.752000
 548.000000 0.952063
 548.500000 1.131130
 549.000000 0.846709
 549.500000 0.913437
 550.000000 1.009727
 550.500000 1.249260
 551.000000 1.270389
 551.500000 0.972048
 552.000000 1.470158
 552.500000 1.791480
 553.000000 -0.239258
 553.500000 -1.256188
 554.000000 -0.962032
 554.500000 -0.980258
 555.000000 -1.032676
 555.500000 -1.321548
 556.000000 -1.189509
 556.500000 -0.996069
 557.000000 -0.919772
 557.500000 -0.859019
 558.000000 -0.808819
 558.500000 -1.221425
 559.000000 -1.475399
 559.500000 2.327992
 560.000000 -1.510712
 560.500000 -1.221092
 561.000000 -1.037674
 561.500000 -1.030854
 562.000000 -1.304769
 562.500000 -1.237919
 563.000000 -0.987352
 563.500000 -1.297616
 564.000000 -0.847039
 564.500000 -1.430613
 565.000000 -1.108391
 565.500000 -1.346361
 566.000000 -1.563520
 566.500000 2.623044
 567.000000 2.178947
 567.500000 -2.363905
 568.000000 -1.286147
 568.500000 -1.200399
 569.000000 -0.948635
 569.500000 -1.285540
 570.000000 -1.208650
 570.500000 -0.966155
 571.000000 -1.069110
 571.500000 -1.329131
 572.000000 -0.887513
 572.500000 -1.269649
 573.000000 -1.378838
 573.500000 -1.061584
 574.000000 -0.971206
 574.500000 -1.026146
 575.000000 -1.505289
 575.500000 -1.326315
 576.000000 -0.965511
 576.500000 -2.628445
 577.000000 3.017655
 577.500000 2.317804
 578.000000 2.262703
 578.500000 -1.599375
 579.000000 -0.789343
 579.500000 -1.073878
 580.000000 -1.778986
 580.500000 2.007572
 581.000000 1.182499
 581.500000 1.142861
 582.000000 1.065751
 582.500000 -1.175337
 583.000000 1.039171
 583.500000 1.210606
 584.000000 0.841194
 584.500000 -2.562685
 585.000000 -2.473946
 585.500000 2.706301
 586.000000 1.843511
 586.500000 1.791523
 587.000000 0.914090
 587.500000 0.816007
 588.000000 0.690648
 588.500000 1.275688
 589.000000 1.435335
 589.500000 0.805898
 590.000000 0.677886
 590.500000 1.366098
 591.000000 1.197269
 591.500000 1.260977
 592.000000 1.128103
 592.500000 1.448238
 593.000000 0.956481
 593.500000 2.758305
 594.000000 -2.215308
 594.500000 -0.734628
 595.000000 -1.307241
 595.500000 -1.300427
 596.000000 -1.156198
 596.500000 -1.512549
 597.000000 -0.473322
 597.500000 -1.178330
 598.000000 -1.015632
 598.500000 2.020971
 599.000000 -2.681753
 599.500000 2.895202
 600.000000 -3.020052
 600.500000 -2.992020
 601.000000 2.317409
 601.500000 -2.627055
 602.000000 2.900088
 602.500000 -2.962156
 603.000000 -2.913741
 603.500000 2.939430
 604.000000 -2.383270
 604.500000 -2.777659
 605.000000 2.903605
 605.500000 -3.004533
 606.000000 -3.068039
 606.500000 2.615820
 607.000000 -3.105495
 607.500000 2.947293
 608.000000 -3.003579
 608.500000 2.756989
 609.000000 3.118387
 609.500000 -2.997321
 610.000000 -2.962336
 610.500000 -2.593885
 611.000000 2.915282
 611.500000 -2.571212
 612.000000 2.873291
 612.500000 1.572391
 613.000000 -1.654363
 613.500000 -0.707260
 614.000000 0.382346
 614.500000 2.807044
 615.000000 -2.475310
 615.500000 0.781501
 616.000000 1.135388
 616.500000 0.899611
 617.000000 1.450226
 617.500000 1.356614
 618.000000 1.210847
 618.500000 1.116274
 619.000000 1.483009
 619.500000 0.951281
 620.000000 1.257026
 620.500000 1.380668
 621.000000 1.157401
 621.500000 1.301889
 622.000000 1.229743
 622.500000 0.989697
 623.000000 1.366268
 623.500000 1.209697
 624.000000 1.110551
 624.500000 1.454753
 625.000000 1.068393
 625.500000 0.870187
 626.000000 1.841218
 626.500000 1.116588
 627.000000 1.244296
 627.500000 1.192026
 628.000000 1.477577
 628.500000 1.194367
 629.000000 1.365933
 629.500000 1.202518
 630.000000 0.696766
 630.500000 1.048362
 631.000000 1.516397
 631.500000 1.509796
 632.000000 1.272513
 632.500000 1.108720
 633.000000 1.046316
 633.500000 1.544418
 634.000000 1.502839
 634.500000 1.385679
 635.000000 1.134056
 635.500000 1.075900
 636.000000 1.096899
 636.500000 1.292810
 637.000000 1.015191
 637.500000 1.638292
 638.000000 1.613819
 638.500000 0.870056
 639.000000 1.321964
 639.500000 1.234965
 640.000000 0.935111
 640.500000 1.356473
 641.000000 1.148807
 641.500000 1.427042
 642.000000 1.255510
 642.500000 0.921341
 643.000000 1.326757
 643.500000 1.453441
 644.000000 2.280833
 644.500000 -2.739205
 645.000000 -3.121417
 645.500000 3.070481
 646.000000 -2.957498
 646.500000 -2.845065
 647.000000 -2.879464
 647.500000 -2.449534
 648.000000 2.937458
 648.500000 -3.069611
 649.000000 3.065076
 649.500000 -3.111893
 650.000000 -3.034061
 650.500000 -2.906361
 651.000000 -2.848415
 651.500000 3.042041
 652.000000 2.739727
 652.500000 -2.971399
 653.000000 -2.854622
 653.500000 2.990485
 654.000000 2.765405
 654.500000 -2.824000
 655.000000 2.135442
 655.500000 1.059203
 656.000000 2.057757
 656.500000 -2.454561
 657.000000 -1.471049
 657.500000 -1.973665
 658.000000 1.058548
 658.500000 1.195046
 659.000000 1.607498
 659.500000 1.541433
 660.000000 1.897763
 660.500000 1.280399
 661.000000 1.415543
 661.500000 1.081684
 662.000000 1.531305
 662.500000 1.461301
 663.000000 1.115626
 663.500000 1.063160
 664.000000 1.253444
 664.500000 1.063839
 665.000000 1.737248
 665.500000 1.572132
 666.000000 0.788389
 666.500000 1.165836
 667.000000 1.771809
 667.500000 1.540551
 668.000000 -2.254987
 668.500000 -1.118365
 669.000000 1.273516
 669.500000 -0.385695
 670.000000 -1.118582
 670.500000 -2.097453
 671.000000 -2.867619
 671.500000 1.533648
 672.000000 1.320981
 672.500000 -2.594805
 673.000000 3.044198
 673.500000 -3.115223
 674.000000 2.942224
 674.500000 2.967996
 675.000000 -2.856184
 675.500000 -3.014524
 676.000000 -2.939610
 676.500000 -3.096138
 677.000000 2.677480
 677.500000 3.078289
 678.000000 3.043183
 678.500000 2.869669
 679.000000 2.648431
 679.500000 3.010093
 680.000000 3.003870
 680.500000 2.882414
 681.000000 -3.116080
 681.500000 -3.007199
 682.000000 -3.135532
 682.500000 3.104968
 683.000000 -2.862111
 683.500000 -2.880677
 684.000000 -3.027219
 684.500000 -2.760679
 685.000000 -2.947630
 685.500000 -2.980287
 686.000000 -2.965488
 686.500000 3.119579
 687.000000 3.114687
 687.500000 2.916328
 688.000000 2.973336
 688.500000 -2.350994
 689.000000 -3.126156
 689.500000 3.062291
 690.000000 -2.764177
 690.500000 3.094257
 691.000000 2.824074
 691.500000 2.965059
 692.000000 2.594218
 692.500000 -3.028224
 693.000000 2.619799
 693.500000 -2.972376
 694.000000 2.849349
 694.500000 2.984619
 695.000000 3.122728
 695.500000 -2.996975
 696.000000 -2.828157
 696.500000 -3.058869
 697.000000 3.037631
 697.500000 2.966980
 698.000000 3.141425
 698.500000 -2.657593
 699.000000 -2.832141
 699.500000 3.074193
 700.000000 2.670948
 700.500000 -3.054051
 701.000000 -2.933300
 701.500000 3.106601
 702.000000 2.833405
 702.500000 -2.675806
 703.000000 3.074308
 703.500000 2.866313
 704.000000 3.066782
 704.500000 3.125583
 705.000000 -2.641438
 705.500000 -1.287357
 706.000000 1.494986
 706.500000 1.053318
 707.000000 1.004004
 707.500000 0.722546
 708.000000 -0.832138
 708.500000 -1.169748
 709.000000 -3.044658
 709.500000 0.687793
 710.000000 1.588793
 710.500000 0.982000
 711.000000 1.053373
 711.500000 1.480213
 712.000000 1.092418
 712.500000 1.125390
 713.000000 1.157884
 713.500000 1.134327
 714.000000 0.711403
 714.500000 1.063747
 715.000000 1.070107
 715.500000 1.249304
 716.000000 1.163931
 716.500000 1.095621
 717.000000 0.937279
 717.500000 1.308869
 718.000000 -2.769651
 718.500000 2.854447
 719.000000 -2.739636
 719.500000 -2.957938
 720.000000 3.026101
 720.500000 2.982141
 721.000000 -2.991730
 721.500000 -2.916620
 722.000000 -3.130787
 722.500000 2.882838
 723.000000 3.074896
 723.500000 -2.926572
 724.000000 -3.050894
 724.500000 -2.956113
 725.000000 3.008770
 725.500000 3.079150
 726.000000 3.134370
 726.500000 -2.972621
 727.000000 -2.965183
 727.500000 2.996803
 728.000000 3.072675
 728.500000 2.948435
 729.000000 3.140120
 729.500000 -2.998944
 730.000000 -2.861314
 730.500000 -3.039639
 731.000000 -2.862305
 731.500000 2.654331
 732.000000 2.839066
 732.500000 2.903274
 733.000000 -2.677536
 733.500000 -3.015367
 734.000000 -3.004360
 734.500000 3.072012
 735.000000 -3.111955
 735.500000 3.139344
 736.000000 3.115796
 736.500000 3.106130
 737.000000 3.039091
 737.500000 -2.943476
 738.000000 -3.070808
 738.500000 -3.107476
 739.000000 3.119325
 739.500000 3.002999
 740.000000 3.011175
 740.500000 -3.024601
 741.000000 -3.081523
 741.500000 2.932185
 742.000000 3.106924
 742.500000 -3.003527
 743.000000 -2.876724
 743.500000 3.056570
 744.000000 -3.085142
 744.500000 3.094855
 745.000000 2.969125
 745.500000 -3.028895
 746.000000 3.026556
 746.500000 -3.080691
 747.000000 -2.954999
 747.500000 -3.019019
 748.000000 3.018908
 748.500000 3.029758
 749.000000 3.087649
 749.500000 3.124688
 750.000000 3.081502
 750.500000 -3.098857
 751.000000 -2.976628
 751.500000 3.067484
 752.000000 3.127018
 752.500000 -3.133461
 753.000000 3.110626
 753.500000 -3.059576
 754.000000 2.910689
 754.500000 3.023434
 755.000000 -2.842096
 755.500000 3.096375
 756.000000 2.656587
 756.500000 -3.027656
 757.000000 -2.863485
 757.500000 2.789535
 758.000000 2.967954
 758.500000 -2.685476
 759.000000 -2.900460
 759.500000 -2.898417
 760.000000 -3.076136
 760.500000 2.555874
 761.000000 -2.710879
 761.500000 -3.068971
 762.000000 -2.473133
 762.500000 -0.942479
 763.000000 -0.817923
 763.500000 -1.187683
 764.000000 -1.515612
 764.500000 -1.015168
 765.000000 -1.545443
 765.500000 -1.350478
 766.000000 -1.081282
 766.500000 1.676845
 767.000000 2.717238
 767.500000 -2.459325
 768.000000 2.457760
 768.500000 1.827067
 769.000000 0.927442
 769.500000 0.901223
 770.000000 1.206983
 770.500000 1.275218
 771.000000 1.925868
 771.500000 1.202590
 772.000000 1.271706
 772.500000 1.231150
 773.000000 1.300595
 773.500000 -2.634229
 774.000000 1.411823
 774.500000 -1.562207
 775.000000 -1.301067
 775.500000 -0.974487
 776.000000 0.732809
 776.500000 -1.519418
 777.000000 -1.340531
 777.500000 -1.276658
 778.000000 -1.152365
 778.500000 -1.205882
 779.000000 -0.847847
 779.500000 -1.422418
 780.000000 -1.221833
 780.500000 -1.076472
 781.000000 -1.395660
 781.500000 -1.944884
 782.000000 3.106531
 782.500000 2.238714
 783.000000 -1.690657
 783.500000 -2.902937
 784.000000 2.807531
 784.500000 2.839020
 785.000000 2.908352
 785.500000 -2.986026
 786.000000 -2.662063
 786.500000 -2.921842
 787.000000 -2.812531
 787.500000 3.053880
 788.000000 2.851559
 788.500000 3.115035
 789.000000 -2.918686
 789.500000 -2.536292
 790.000000 2.504674
 790.500000 -2.611012
 791.000000 2.507254
 791.500000 -2.650478
 792.000000 -3.040021
 792.500000 2.671034
 793.000000 -2.524067
 793.500000 2.592717
 794.000000 -2.986501
 794.500000 3.022149
 795.000000 -2.659920
 795.500000 2.988719
 796.000000 -3.005258
 796.500000 -2.901398
 797.000000 2.944378
 797.500000 -3.049317
 798.000000 2.817226
 798.500000 -2.811439
 799.000000 -2.943691
 799.500000 2.638481
 800.000000 -2.585432
 800.500000 -3.029734
 801.000000 2.736419
 801.500000 -2.738525
 802.000000 -2.961947
 802.500000 2.671348
 803.000000 -2.653983
 803.500000 2.903802
 804.000000 -3.133305
 804.500000 -2.998855
 805.000000 -2.036758
 805.500000 0.858994
 806.000000 0.937010
 806.500000 0.929720
 807.000000 1.048093
 807.500000 1.561965
 808.000000 -3.035305
 808.500000 -0.491717
 809.000000 3.022932
 809.500000 -2.953866
 810.000000 -3.006835
 810.500000 2.622465
 811.000000 -2.895632
 811.500000 -3.022446
 812.000000 -3.105548
 812.500000 -2.775242
 813.000000 -2.926895
 813.500000 3.002834
 814.000000 3.059618
 814.500000 2.847088
 815.000000 2.799474
 815.500000 2.915452
 816.000000 3.092390
 816.500000 2.917453
 817.000000 -2.791183
 817.500000 3.136017
 818.000000 2.981699
 818.500000 2.888400
 819.000000 3.059278
 819.500000 3.099935
 820.000000 2.967875
 820.500000 -3.047948
 821.000000 -2.659086
 821.500000 2.763425
 822.000000 -3.058988
 822.500000 -2.869958
 823.000000 2.826858
 823.500000 2.849699
 824.000000 3.077622
 824.500000 -2.964048
 825.000000 -2.971814
 825.500000 3.021688
 826.000000 2.624103
 826.500000 -3.003309
 827.000000 -2.885323
 827.500000 3.129847
 828.000000 -2.775860
 828.500000 2.986213
 829.000000 0.261136
 829.500000 -1.857745
 830.000000 -1.363273
 830.500000 -1.136425
 831.000000 -2.537708
 831.500000 1.434941
 832.000000 1.158983
 832.500000 -2.447102
 833.000000 2.657691
 833.500000 -3.111309
 834.000000 -1.432649
 834.500000 0.685821
 835.000000 -2.150941
 835.500000 -2.798895
 836.000000 2.311310
 836.500000 -2.849404
 837.000000 -2.896746
 837.500000 3.138234
 838.000000 -2.838215
 838.500000 -3.091339
 839.000000 2.950184
 839.500000 2.810198
 840.000000 -2.871371
 840.500000 -2.818164
 841.000000 -2.506391
 841.500000 2.973195
 842.000000 -3.016441
 842.500000 -3.093992
 843.000000 2.768462
 843.500000 -2.763799
 844.000000 2.657029
 844.500000 -2.704583
 845.000000 2.841938
 845.500000 3.066653
 846.000000 -2.785164
 846.500000 -3.067355
 847.000000 2.899162
 847.500000 -2.892023
 848.000000 -2.880978
 848.500000 3.056769
 849.000000 2.953101
 849.500000 -3.008024
 850.000000 -2.961221
 850.500000 2.791621
 851.000000 3.073104
 851.500000 -2.911978
 852.000000 3.063689
 852.500000 2.721196
 853.000000 -3.072945
 853.500000 -2.882094
 854.000000 3.121002
 854.500000 2.999198
 855.000000 -3.041798
 855.500000 -2.851085
 856.000000 -3.002646
 856.500000 2.970100
 857.000000 3.115736
 857.500000 -3.098108
 858.000000 -3.090547
 858.500000 3.000349
 859.000000 3.052078
 859.500000 -2.963914
 860.000000 -3.059561
 860.500000 3.122368
 861.000000 3.116736
 861.500000 -2.974209
 862.000000 -2.943560
 862.500000 -3.084040
 863.000000 3.097606
 863.500000 -3.110652
 864.000000 -2.992622
 864.500000 -2.908907
 865.000000 2.964654
 865.500000 2.919796
 866.000000 3.104832
 866.500000 -2.977937
 867.000000 2.914293
 867.500000 2.929067
 868.000000 -2.915316
 868.500000 -2.850717
 869.000000 2.836936
 869.500000 2.936200
 870.000000 -2.974096
 870.500000 -2.974320
 871.000000 2.695362
 871.500000 3.131973
 872.000000 -3.054453
 872.500000 3.112923
 873.000000 -3.041660
 873.500000 2.672556
 874.000000 -2.781222
 874.500000 -3.042611
 875.000000 2.984402
 875.500000 2.754121
 876.000000 2.999233
 876.500000 -2.855492
 877.000000 -3.128864
 877.500000 3.058454
 878.000000 3.088317
 878.500000 2.818238
 879.000000 2.939921
 879.500000 2.855696
 880.000000 2.712126
 880.500000 2.690475
 881.000000 2.870476
 881.500000 3.034474
 882.000000 -2.544170
 882.500000 2.892952
 883.000000 -2.616464
 883.500000 2.893031
 884.000000 2.985988
 884.500000 -2.938479
 885.000000 -3.036351
 885.500000 2.769699
 886.000000 3.079663
 886.500000 -2.872921
 887.000000 3.074200
 887.500000 2.852587
 888.000000 -2.815392
 888.500000 -2.849955
 889.000000 2.824265
 889.500000 -3.058967
 890.000000 -2.889698
 890.500000 2.847701
 891.000000 2.938125
 891.500000 -2.837838
 892.000000 2.806553
 892.500000 3.022447
 893.000000 -2.934438
 893.500000 3.015797
 894.000000 -1.804636
 894.500000 1.251674
 895.000000 0.649345
 895.500000 1.263441
 896.000000 1.059913
 896.500000 1.274041
 897.000000 1.227427
 897.500000 1.029270
 898.000000 1.091028
 898.500000 1.230338
 899.000000 0.807617
 899.500000 1.385320
 900.000000 1.309051
 900.500000 0.890773
 901.000000 1.184442
 901.500000 1.021815
 902.000000 1.227437
 902.500000 1.267265
 903.000000 1.079146
 903.500000 1.277354
 904.000000 1.200234
 904.500000 0.903142
 905.000000 1.323770
 905.500000 1.108968
 906.000000 1.061729
 906.500000 1.154802
 907.000000 1.173435
 907.500000 1.247732
 908.000000 0.974116
 908.500000 1.226477
 909.000000 1.054508
 909.500000 1.324516
 910.000000 1.117683
 910.500000 1.119868
 911.000000 1.316899
 911.500000 0.758214
 912.000000 0.943226
 912.500000 1.342412
 913.000000 1.017757
 913.500000 0.912959
 914.000000 1.294389
 914.500000 1.138791
 915.000000 0.736024
 915.500000 1.489450
 916.000000 1.166954
 916.500000 0.914682
 917.000000 1.281282
 917.500000 1.229964
 918.000000 0.948695
 918.500000 1.223936
 919.000000 1.515693
 919.500000 0.980132
 920.000000 0.774842
 920.500000 1.401055
 921.000000 1.199671
 921.500000 0.836679
 922.000000 1.124973
 922.500000 1.346202
 923.000000 0.990018
 923.500000 1.081430
 924.000000 1.300366
 924.500000 1.024864
 925.000000 1.050928
 925.500000 1.366671
 926.000000 0.919779
 926.500000 1.081726
 927.000000 1.324639
 927.500000 1.111871
 928.000000 0.907428
 928.500000 1.306099
 929.000000 1.338616
 929.500000 0.817742
 930.000000 1.281636
 930.500000 1.357206
 931.000000 0.726515
 931.500000 1.601465
 932.000000 0.811345
 932.500000 1.234766
 933.000000 1.004128
 933.500000 1.000645
 934.000000 1.201796
 934.500000 1.267153
 935.000000 1.084146
 935.500000 1.271722
 936.000000 1.047091
 936.500000 1.182383
 937.000000 1.114064
 937.500000 1.258370
 938.000000 1.434255
 938.500000 0.927149
 939.000000 1.066767
 939.500000 1.330812
 940.000000 1.327510
 940.500000 0.907343
 941.000000 1.249257
 941.500000 1.381370
 942.000000 1.128031
 942.500000 0.987094
 943.000000 1.416542
 943.500000 1.157507
 944.000000 0.914771
 944.500000 1.162830
 945.000000 1.381981
 945.500000 1.063326
 946.000000 1.379715
 946.500000 1.089047
 947.000000 0.938937
 947.500000 1.197360
 948.000000 1.356857
 948.500000 0.689791
 949.000000 1.410547
 949.500000 1.399386
 950.000000 0.744410
 950.500000 1.204056
 951.000000 1.373892
 951.500000 1.532369
 952.000000 0.762500
 952.500000 1.071657
 953.000000 1.683106
 953.500000 1.207334
 954.000000 0.901682
 954.500000 1.265216
 955.000000 0.850847
 955.500000 1.379311
 956.000000 1.374850
 956.500000 1.263236
 957.000000 0.992779
 957.500000 1.372429
 958.000000 1.528109
 958.500000 0.897594
 959.000000 1.297604
 959.500000 0.774117
 960.000000 1.488163
 960.500000 1.230690
 961.000000 0.778240
 961.500000 1.228191
 962.000000 1.320857
 962.500000 1.055275
 963.000000 1.572700
 963.500000 1.016924
 964.000000 1.110987
 964.500000 1.319566
 965.000000 1.096796
 965.500000 1.102912
 966.000000 1.244936
 966.500000 0.966557
 967.000000 1.330480
 967.500000 1.155131
 968.000000 1.074836
 968.500000 1.149913
 969.000000 1.283966
 969.500000 1.245276
 970.000000 0.991100
 970.500000 1.659494
 971.000000 0.795459
 971.500000 1.447253
 972.000000 1.292205
 972.500000 0.685811
 973.000000 1.238680
 973.500000 1.370603
 974.000000 1.250926
 974.500000 0.828609
 975.000000 1.056563
 975.500000 1.592931
 976.000000 1.348417
 976.500000 0.942123
 977.000000 0.806519
 977.500000 1.517357
 978.000000 1.424190
 978.500000 1.003778
 979.000000 1.460399
 979.500000 1.074712
 980.000000 1.213278
 980.500000 1.225211
 981.000000 1.198889
 981.500000 1.184060
 982.000000 1.450874
 982.500000 1.241346
 983.000000 1.749075
 983.500000 1.039594
 984.000000 0.973047
 984.500000 0.481925
 985.000000 1.028483
 985.500000 0.927881
 986.000000 2.732214
 986.500000 -1.871296
 987.000000 -1.906030
 987.500000 -1.441936
 988.000000 1.390972
 988.500000 1.219592
 989.000000 1.632865
 989.500000 1.027548
 990.000000 1.484074
 990.500000 0.650400
 991.000000 0.958369
 991.500000 1.480785
 992.000000 1.369752
 992.500000 1.345960
 993.000000 0.956238
 993.500000 1.630754
 994.000000 1.150792
 994.500000 0.816444
 995.000000 1.144434
 995.500000 1.170498
 996.000000 1.054907
 996.500000 1.243962
 997.000000 0.885819
 997.500000 0.929287
 998.000000 1.388035
 998.500000 1.085428
 999.000000 1.030795
 999.500000 1.273178
 1000.000000 1.038968
 1000.500000 1.375329
 1001.000000 1.182310
 1001.500000 1.277343
 1002.000000 1.159184
 1002.500000 0.556362
 1003.000000 1.870636
 1003.500000 2.725265
 1004.000000 -2.683178
 1004.500000 2.644240
 1005.000000 3.082732
 1005.500000 -2.804287
 1006.000000 2.809367
 1006.500000 -3.128429
 1007.000000 -2.780693
 1007.500000 2.990073
 1008.000000 2.919811
 1008.500000 -2.775488
 1009.000000 -3.002676
 1009.500000 -2.705818
 1010.000000 -2.948594
 1010.500000 -3.041042
 1011.000000 -2.891484
 1011.500000 3.123913
 1012.000000 -2.962419
 1012.500000 2.976277
 1013.000000 -2.927959
 1013.500000 1.066798
 1014.000000 1.209137
 1014.500000 1.239342
 1015.000000 1.590421
 1015.500000 2.290621
 1016.000000 -1.057456
 1016.500000 -0.877921
 1017.000000 -1.846736
 1017.500000 -1.652887
 1018.000000 -1.302687
 1018.500000 -1.004910
 1019.000000 -1.305420
 1019.500000 -0.937994
 1020.000000 -0.713848
 1020.500000 -1.155778
 1021.000000 -1.062713
 1021.500000 -0.901766
 1022.000000 -0.984895
 1022.500000 -1.410022
 1023.000000 -1.024685
 1023.500000 -0.880746
 1024.000000 -0.973008
 1024.500000 -0.766367
 1025.000000 -1.655921
 1025.500000 -1.699477
 1026.000000 -0.904628
 1026.500000 -1.067232
 1027.000000 -1.969136
 1027.500000 -0.646440
 1028.000000 -3.057202
 1028.500000 3.006074
 1029.000000 2.572466
 1029.500000 -3.125256
 1030.000000 2.860086
 1030.500000 3.090304
 1031.000000 3.039754
 1031.500000 2.640714
 1032.000000 3.127518
 1032.500000 -2.469490
 1033.000000 2.692111
 1033.500000 -2.851422
 1034.000000 -2.934766
 1034.500000 2.649466
 1035.000000 -2.743027
 1035.500000 -2.975848
 1036.000000 2.825256
 1036.500000 -3.109874
 1037.000000 -2.776999
 1037.500000 2.904886
 1038.000000 2.966305
 1038.500000 -2.744763
 1039.000000 2.866752
 1039.500000 2.960927
 1040.000000 -2.795894
 1040.500000 -3.048357
 1041.000000 2.922253
 1041.500000 -2.745265
 1042.000000 3.093084
 1042.500000 2.770253
 1043.000000 -2.955737
 1043.500000 -2.949129
 1044.000000 2.863132
 1044.500000 2.835558
 1045.000000 -3.004550
 1045.500000 -2.817867
 1046.000000 -2.954885
 1046.500000 -3.044344
 1047.000000 -3.106855
 1047.500000 2.956493
 1048.000000 -2.929625
 1048.500000 -2.670988
 1049.000000 2.893470
 1049.500000 3.035035
 1050.000000 -2.927565
 1050.500000 2.852301
 1051.000000 -2.911804
 1051.500000 0.894282
 1052.000000 1.487707
 1052.500000 1.546630
 1053.000000 0.986424
 1053.500000 1.119200
 1054.000000 1.520123
 1054.500000 1.087138
 1055.000000 1.043651
 1055.500000 1.477224
 1056.000000 1.507769
 1056.500000 1.834521
 1057.000000 1.373130
 1057.500000 0.794157
 1058.000000 1.196884
 1058.500000 1.080662
 1059.000000 0.983136
 1059.500000 1.029305
 1060.000000 1.456805
 1060.500000 0.872306
 1061.000000 1.309140
 1061.500000 1.678437
 1062.000000 0.918368
 1062.500000 1.355976
 1063.000000 1.210323
 1063.500000 0.791843
 1064.000000 0.872050
 1064.500000 1.523684
 1065.000000 1.162688
 1065.500000 1.005368
 1066.000000 1.281057
 1066.500000 1.653449
 1067.000000 0.902506
 1067.500000 1.741164
 1068.000000 1.367673
 1068.500000 1.058758
 1069.000000 0.932714
 1069.500000 1.277154
 1070.000000 1.236664
 1070.500000 0.999032
 1071.000000 1.395322
 1071.500000 1.355173
 1072.000000 0.912053
 1072.500000 0.762861
 1073.000000 1.168153
 1073.500000 1.177960
 1074.000000 1.557085
 1074.500000 0.384741
 1075.000000 -0.675593
 1075.500000 1.537863
 1076.000000 1.313051
 1076.500000 1.319841
 1077.000000 1.503155
 1077.500000 1.299951
 1078.000000 1.185118
 1078.500000 1.258669
 1079.000000 1.169749
 1079.500000 0.823951
 1080.000000 1.337283
 1080.500000 1.430430
 1081.000000 1.176167
 1081.500000 -2.193035
 1082.000000 3.118802
 1082.500000 -2.415258
 1083.000000 1.613928
 1083.500000 1.086711
 1084.000000 1.125591
 1084.500000 1.736628
 1085.000000 1.062079
 1085.500000 1.145918
 1086.000000 1.435329
 1086.500000 1.006148
 1087.000000 1.416043
 1087.500000 1.402424
 1088.000000 1.332015
 1088.500000 0.957469
 1089.000000 1.264700
 1089.500000 1.285817
 1090.000000 1.440162
 1090.500000 1.359878
 1091.000000 1.205523
 1091.500000 1.065126
 1092.000000 0.554144
 1092.500000 1.085025
 1093.000000 1.314111
 1093.500000 1.550974
 1094.000000 1.350509
 1094.500000 1.052924
 1095.000000 0.498094
 1095.500000 0.893806
 1096.000000 1.223891
 1096.500000 1.508897
 1097.000000 1.063446
 1097.500000 0.928994
 1098.000000 1.246942
 1098.500000 1.217875
 1099.000000 1.053398
 1099.500000 1.122006
 1100.000000 1.259134
 1100.500000 1.164532
 1101.000000 1.059178
 1101.500000 1.068464
 1102.000000 1.238609
 1102.500000 1.212106
 1103.000000 1.114524
 1103.500000 0.945658
 1104.000000 0.982031
 1104.500000 1.338163
 1105.000000 1.180482
 1105.500000 1.019134
 1106.000000 1.253147
 1106.500000 1.106590
 1107.000000 1.086597
 1107.500000 0.729439
 1108.000000 1.193849
 1108.500000 1.386169
 1109.000000 1.372922
 1109.500000 0.900052
 1110.000000 1.008537
 1110.500000 1.311473
 1111.000000 1.424512
 1111.500000 0.835334
 1112.000000 1.246601
 1112.500000 1.356210
 1113.000000 1.043298
 1113.500000 1.116377
 1114.000000 1.462811
 1114.500000 0.864760
 1115.000000 1.379605
 1115.500000 1.423649
 1116.000000 1.294723
 1116.500000 0.783312
 1117.000000 1.135129
 1117.500000 1.430773
 1118.000000 1.326656
 1118.500000 1.054967
 1119.000000 1.218453
 1119.500000 1.350958
 1120.000000 1.106818
 1120.500000 1.051107
 1121.000000 1.034975
 1121.500000 1.250128
 1122.000000 0.969748
 1122.500000 1.051578
 1123.000000 1.181749
 1123.500000 1.292991
 1124.000000 1.159852
 1124.500000 0.925030
 1125.000000 1.215067
 1125.500000 1.200875
 1126.000000 1.300415
 1126.500000 0.987417
 1127.000000 1.252272
 1127.500000 0.948001
 1128.000000 1.129536
 1128.500000 1.227744
 1129.000000 1.091633
 1129.500000 1.552399
 1130.000000 1.540290
 1130.500000 1.336562
 1131.000000 2.509327
 1131.500000 -2.688141
 1132.000000 2.586877
 1132.500000 -2.681950
 1133.000000 2.372939
 1133.500000 0.911560
 1134.000000 -2.774634
 1134.500000 2.713487
 1135.000000 -2.843169
 1135.500000 2.765878
 1136.000000 -2.892785
 1136.500000 3.106028
 1137.000000 3.099470
 1137.500000 3.073066
 1138.000000 -3.026054
 1138.500000 -2.997144
 1139.000000 -3.132694
 1139.500000 3.096587
 1140.000000 3.076029
 1140.500000 -3.039639
 1141.000000 3.000869
 1141.500000 -3.048393
 1142.000000 -3.092635
 1142.500000 3.025531
 1143.000000 -2.860615
 1143.500000 2.863967
 1144.000000 2.976051
 1144.500000 -2.926781
 1145.000000 2.843043
 1145.500000 -3.002940
 1146.000000 -3.044420
 1146.500000 3.048414
 1147.000000 2.969520
 1147.500000 -2.783757
 1148.000000 3.033521
 1148.500000 3.038795
 1149.000000 -3.069944
 1149.500000 3.029179
 1150.000000 -2.876264
 1150.500000 2.955978
 1151.000000 3.108655
 1151.500000 -2.993437
 1152.000000 2.910263
 1152.500000 3.064197
 1153.000000 -2.897709
 1153.500000 2.958590
 1154.000000 3.123695
 1154.500000 -2.746450
 1155.000000 2.909294
 1155.500000 3.107190
 1156.000000 3.117167
 1156.500000 -2.945247
 1157.000000 -2.873515
 1157.500000 3.137770
 1158.000000 -3.030188
 1158.500000 -3.055679
 1159.000000 3.005827
 1159.500000 3.061399
 1160.000000 -2.940394
 1160.500000 2.937914
 1161.000000 -3.128950
 1161.500000 -3.085709
 1162.000000 3.004000
 1162.500000 -2.996356
 1163.000000 2.844641
 1163.500000 -3.030920
 1164.000000 3.140520
 1164.500000 2.988169
 1165.000000 -2.939598
 1165.500000 -2.948505
 1166.000000 -3.032048
 1166.500000 -2.967115
 1167.000000 -3.039476
 1167.500000 2.916052
 1168.000000 2.942958
 1168.500000 -2.658181
 1169.000000 2.921586
 1169.500000 -2.840984
 1170.000000 2.372872
 1170.500000 -1.413475
 1171.000000 -0.929343
 1171.500000 -1.306673
 1172.000000 -0.955633
 1172.500000 -1.513183
 1173.000000 -1.399479
 1173.500000 -1.341804
 1174.000000 -1.199714
 1174.500000 -1.306010
 1175.000000 -1.518853
 1175.500000 -0.743584
 1176.000000 -1.008391
 1176.500000 -1.102391
 1177.000000 -1.309232
 1177.500000 -1.106156
 1178.000000 1.480038
 1178.500000 2.004388
 1179.000000 -0.359981
 1179.500000 0.623395
 1180.000000 1.470236
 1180.500000 1.019699
 1181.000000 -2.223669
 1181.500000 -0.587155
 1182.000000 -1.646377
 1182.500000 -1.128143
 1183.000000 -0.788388
 1183.500000 -1.536423
 1184.000000 -1.617392
 1184.500000 -0.821682
 1185.000000 -1.539353
 1185.500000 -1.215296
 1186.000000 -0.871761
 1186.500000 -1.294184
 1187.000000 -1.454619
 1187.500000 -1.430026
 1188.000000 -0.896091
 1188.500000 -0.786723
 1189.000000 -1.440042
 1189.500000 -1.580345
 1190.000000 -1.126695
 1190.500000 -0.889950
 1191.000000 -1.469102
 1191.500000 -1.698651
 1192.000000 -0.907452
 1192.500000 -1.027101
 1193.000000 -1.162409
 1193.500000 -1.661126
 1194.000000 -1.384474
 1194.500000 -1.318147
 1195.000000 -1.318095
 1195.500000 -1.144706
 1196.000000 -0.750701
 1196.500000 -1.205595
 1197.000000 -1.282546
 1197.500000 -1.359732
 1198.000000 -0.911768
 1198.500000 -1.423037
 1199.000000 -1.092497
 1199.500000 -0.799759
 1200.000000 -1.177578
 1200.500000 -0.883755
 1201.000000 -0.931411
 1201.500000 -1.153797
 1202.000000 -1.343628
 1202.500000 -1.746365
 1203.000000 -1.309304
 1203.500000 -1.103724
 1204.000000 -1.525061
 1204.500000 -1.719866
 1205.000000 -1.087090
 1205.500000 -0.946747
 1206.000000 -1.103100
 1206.500000 -3.036059
 1207.000000 1.507227
 1207.500000 -2.295788
 1208.000000 -1.772620
 1208.500000 -1.581905
 1209.000000 -1.075474
 1209.500000 -1.072210
 1210.000000 -1.021279
 1210.500000 -1.308709
 1211.000000 -1.148438
 1211.500000 -1.136195
 1212.000000 -1.263986
 1212.500000 -1.170759
 1213.000000 -0.944824
 1213.500000 -1.243923
 1214.000000 -1.161807
 1214.500000 -0.918217
 1215.000000 -1.277791
 1215.500000 -1.041288
 1216.000000 -1.007267
 1216.500000 -1.304201
 1217.000000 -1.062158
 1217.500000 -1.091490
 1218.000000 -1.460294
 1218.500000 -1.120565
 1219.000000 -1.168662
 1219.500000 -1.278630
 1220.000000 -0.973916
 1220.500000 -1.111617
 1221.000000 -1.225552
 1221.500000 -1.104233
 1222.000000 -1.160552
 1222.500000 -1.327679
 1223.000000 -0.980498
 1223.500000 -1.111339
 1224.000000 -1.412121
 1224.500000 -1.085335
 1225.000000 -1.187689
 1225.500000 -1.318300
 1226.000000 -1.002856
 1226.500000 -1.275722
 1227.000000 -1.288359
 1227.500000 -1.053449
 1228.000000 -1.222818
 1228.500000 -1.127013
 1229.000000 -0.982620
 1229.500000 -1.298788
 1230.000000 -1.090678
 1230.500000 -1.077288
 1231.000000 -1.378852
 1231.500000 -1.130323
 1232.000000 -0.870673
 1232.500000 -1.250809
 1233.000000 -1.210766
 1233.500000 -0.927564
 1234.000000 -1.037313
 1234.500000 -1.139608
 1235.000000 -1.101767
 1235.500000 -1.211626
 1236.000000 -1.322531
 1236.500000 -1.008528
 1237.000000 -1.150184
 1237.500000 -1.290237
 1238.000000 -1.098569
 1238.500000 -1.116177
 1239.000000 -1.182373
 1239.500000 -1.117535
 1240.000000 -1.042103
 1240.500000 -1.166323
 1241.000000 -1.261020
 1241.500000 -1.118861
 1242.000000 -1.251051
 1242.500000 -0.978766
 1243.000000 -0.971261
 1243.500000 -1.145868
 1244.000000 -1.259831
 1244.500000 -1.069026
 1245.000000 -1.232993
 1245.500000 -1.335709
 1246.000000 -1.558323
 1246.500000 -1.003190
 1247.000000 -1.063607
 1247.500000 -1.566699
 1248.000000 -1.042918
 1248.500000 -0.935862
 1249.000000 -0.500622
 1249.500000 -1.076804
 1250.000000 -1.477680
 1250.500000 3.005302
 1251.000000 -2.528183
 1251.500000 2.492830
 1252.000000 2.302516
 1252.500000 2.833441
 1253.000000 -2.913863
 1253.500000 2.545707
 1254.000000 -2.868723
 1254.500000 2.990234
 1255.000000 3.101470
 1255.500000 3.043513
 1256.000000 -3.138408
 1256.500000 3.024635
 1257.000000 -3.134925
 1257.500000 -3.086771
 1258.000000 -3.125983
 1258.500000 2.969135
 1259.000000 -2.960950
 1259.500000 3.112523
 1260.000000 3.035706
 1260.500000 -2.874750
 1261.000000 -2.984375
 1261.500000 3.055734
 1262.000000 3.044326
 1262.500000 -2.991214
 1263.000000 -2.924850
 1263.500000 2.928713
 1264.000000 2.945511
 1264.500000 2.893723
 1265.000000 -2.997733
 1265.500000 3.016904
 1266.000000 -3.108747
 1266.500000 -2.904207
 1267.000000 -2.836627
 1267.500000 3.120880
 1268.000000 2.926553
 1268.500000 -3.082724
 1269.000000 -2.744288
 1269.500000 2.626258
 1270.000000 -2.415687
 1270.500000 2.734240
 1271.000000 -2.945218
 1271.500000 -2.809849
 1272.000000 -2.733925
 1272.500000 -2.914456
 1273.000000 2.923859
 1273.500000 3.004892
 1274.000000 3.129625
 1274.500000 -2.792525
 1275.000000 3.029619
 1275.500000 2.784088
 1276.000000 3.095037
 1276.500000 2.967870
 1277.000000 2.752217
 1277.500000 2.791254
 1278.000000 3.100865
 1278.500000 -3.014523
 1279.000000 -2.896885
 1279.500000 3.028606
 1280.000000 -2.978003
 1280.500000 -2.964284
 1281.000000 -2.868283
 1281.500000 2.554378
 1282.000000 -2.748338
 1282.500000 3.118011
 1283.000000 3.106600
 1283.500000 -2.854984
 1284.000000 2.872108
 1284.500000 3.087687
 1285.000000 -3.095663
 1285.500000 -3.031336
 1286.000000 3.094938
 1286.500000 -3.097505
 1287.000000 -3.063691
 1287.500000 -2.909725
 1288.000000 -2.995318
 1288.500000 3.093507
 1289.000000 3.096043
 1289.500000 -3.064448
 1290.000000 -3.108251
 1290.500000 3.092769
 1291.000000 3.044905
 1291.500000 -3.004030
 1292.000000 -3.120949
 1292.500000 3.104701
 1293.000000 -3.137729
 1293.500000 -2.984491
 1294.000000 -2.891314
 1294.500000 2.933292
 1295.000000 -2.999209
 1295.500000 -2.783519
 1296.000000 2.659855
 1296.500000 3.021606
 1297.000000 -2.737543
 1297.500000 2.968301
 1298.000000 -3.105938
 1298.500000 -2.948552
 1299.000000 3.114594
 1299.500000 2.977248
 1300.000000 -2.766957
 1300.500000 3.114300
 1301.000000 -2.996326
 1301.500000 2.973689
 1302.000000 3.080251
 1302.500000 3.091025
 1303.000000 3.085647
 1303.500000 -2.972088
 1304.000000 -3.078087
 1304.500000 3.063806
 1305.000000 -3.048797
 1305.500000 -2.970557
 1306.000000 3.025390
 1306.500000 -3.132524
 1307.000000 -2.810899
 1307.500000 2.906536
 1308.000000 3.073746
 1308.500000 -2.944406
 1309.000000 2.938194
 1309.500000 -3.090263
 1310.000000 -3.030716
 1310.500000 2.873792
 1311.000000 3.046008
 1311.500000 -2.975517
 1312.000000 3.029832
 1312.500000 2.938648
 1313.000000 -2.936715
 1313.500000 3.133549
 1314.000000 2.975037
 1314.500000 -3.015584
 1315.000000 -2.895818
 1315.500000 3.013929
 1316.000000 2.892881
 1316.500000 -2.963340
 1317.000000 3.068114
 1317.500000 2.938676
 1318.000000 -2.776853
 1318.500000 -3.011972
 1319.000000 2.709628
 1319.500000 -2.833931
 1320.000000 2.924625
 1320.500000 3.017112
 1321.000000 -2.641610
 1321.500000 2.931840
 1322.000000 3.099532
 1322.500000 -2.883730
 1323.000000 2.914382
 1323.500000 -3.114236
 1324.000000 -3.107600
 1324.500000 2.825708
 1325.000000 -2.545847
 1325.500000 3.026691
 1326.000000 3.065840
 1326.500000 -2.862816
 1327.000000 2.845744
 1327.500000 -2.587835
 1328.000000 2.649745
 1328.500000 -2.751421
 1329.000000 3.077066
 1329.500000 2.475858
 1330.000000 -2.703308
 1330.500000 2.958532
 1331.000000 2.915015
 1331.500000 -2.912066
 1332.000000 2.540260
 1332.500000 -2.515136
 1333.000000 2.387419
 1333.500000 3.020542
 1334.000000 2.777179
 1334.500000 -2.800258
 1335.000000 3.026664
 1335.500000 2.980849
 1336.000000 -2.814395
 1336.500000 -3.032223
 1337.000000 -2.909381
 1337.500000 -0.875772
 1338.000000 -1.065381
 1338.500000 -2.097144
 1339.000000 2.729374
 1339.500000 3.016638
 1340.000000 -2.881305
 1340.500000 -2.984875
 1341.000000 -2.968355
 1341.500000 3.095190
 1342.000000 3.025866
 1342.500000 -3.080305
 1343.000000 3.120190
 1343.500000 -2.878467
 1344.000000 -2.885329
 1344.500000 -3.025489
 1345.000000 -2.928587
 1345.500000 -2.609211
 1346.000000 2.539721
 1346.500000 -1.434423
 1347.000000 -1.211517
 1347.500000 -0.790044
 1348.000000 -1.786376
 1348.500000 -1.014994
 1349.000000 -1.496459
 1349.500000 0.670414
 1350.000000 -2.511818
 1350.500000 -0.780176
 1351.000000 -1.274893
 1351.500000 -1.283602
 1352.000000 -1.288577
 1352.500000 -1.301225
 1353.000000 -1.382139
 1353.500000 -0.989672
 1354.000000 -0.891441
 1354.500000 -1.276012
 1355.000000 -1.541905
 1355.500000 -0.801974
 1356.000000 -1.269754
 1356.500000 -1.563715
 1357.000000 -0.812298
 1357.500000 1.942485
 1358.000000 0.578907
 1358.500000 1.598448
 1359.000000 1.271198
 1359.500000 1.152055
 1360.000000 1.500959
 1360.500000 1.090836
 1361.000000 1.402770
 1361.500000 1.024859
 1362.000000 1.352178
 1362.500000 0.742568
 1363.000000 1.642947
 1363.500000 1.395194
 1364.000000 1.062408
 1364.500000 1.537478
 1365.000000 1.108626
 1365.500000 0.847483
 1366.000000 1.471809
 1366.500000 1.504725
 1367.000000 1.736679
 1367.500000 1.296564
 1368.000000 -2.782778
 1368.500000 -2.937701
 1369.000000 -2.872367
 1369.500000 2.849745
 1370.000000 -2.857348
 1370.500000 2.993772
 1371.000000 3.001741
 1371.500000 1.146608
 1372.000000 1.884105
 1372.500000 0.716626
 1373.000000 0.826502
 1373.500000 0.844768
 1374.000000 1.386298
 1374.500000 1.770864
 1375.000000 1.434532
 1375.500000 1.529546
 1376.000000 1.344901
 1376.500000 -2.944108
 1377.000000 -1.063835
 1377.500000 -0.885626
 1378.000000 2.142485
 1378.500000 0.757650
 1379.000000 -0.805235
 1379.500000 -1.189347
 1380.000000 -1.248804
 1380.500000 -1.596204
 1381.000000 -1.445085
 1381.500000 1.780300
 1382.000000 1.285041
 1382.500000 1.180718
 1383.000000 1.496371
 1383.500000 1.666437
 1384.000000 0.915152
 1384.500000 1.126381
 1385.000000 1.209998
 1385.500000 1.837187
 1386.000000 0.858779
 1386.500000 0.744940
 1387.000000 1.166586
 1387.500000 1.261422
 1388.000000 -2.555083
 1388.500000 -1.656123
 1389.000000 -1.654769
 1389.500000 -1.329558
 1390.000000 0.946854
 1390.500000 0.395214
 1391.000000 1.437254
 1391.500000 1.130440
 1392.000000 1.127892
 1392.500000 1.595982
 1393.000000 1.770259
 1393.500000 1.394992
 1394.000000 -1.034470
 1394.500000 -0.811333
 1395.000000 -1.386446
 1395.500000 -0.278314
 1396.000000 -0.594086
 1396.500000 -1.470658
 1397.000000 -0.554377
 1397.500000 1.120290
 1398.000000 1.231753
 1398.500000 1.145745
 1399.000000 -2.329899
 1399.500000 2.188718
 1400.000000 -2.350161
 1400.500000 2.794069
 1401.000000 2.670052
 1401.500000 -2.848367
 1402.000000 2.881474
 1402.500000 -2.703652
 1403.000000 -2.850129
 1403.500000 2.482314
 1404.000000 -2.986480
 1404.500000 -2.528018
 1405.000000 3.041445
 1405.500000 -3.054430
 1406.000000 -2.968842
 1406.500000 -2.578986
 1407.000000 3.031936
 1407.500000 2.678656
 1408.000000 3.019566
 1408.500000 -2.674880
 1409.000000 3.104594
 1409.500000 2.722392
 1410.000000 -3.069326
 1410.500000 -1.058730
 1411.000000 -1.267164
 1411.500000 -1.271364
 1412.000000 -1.358482
 1412.500000 -1.104617
 1413.000000 -1.161505
 1413.500000 -0.860557
 1414.000000 0.708913
 1414.500000 0.820432
 1415.000000 -2.714600
 1415.500000 1.649751
 1416.000000 1.333955
 1416.500000 1.235950
 1417.000000 1.068312
 1417.500000 1.197134
 1418.000000 1.510635
 1418.500000 1.166917
 1419.000000 1.138526
 1419.500000 1.332717
 1420.000000 1.041286
 1420.500000 1.270554
 1421.000000 1.110379
 1421.500000 1.163333
 1422.000000 1.240865
 1422.500000 1.125036
 1423.000000 1.314556
 1423.500000 1.105613
 1424.000000 1.121559
 1424.500000 1.112508
 1425.000000 1.112421
 1425.500000 1.103905
 1426.000000 1.042435
 1426.500000 1.233319
 1427.000000 0.900074
 1427.500000 1.255244
 1428.000000 1.429282
 1428.500000 0.886601
 1429.000000 1.228571
 1429.500000 1.103064
 1430.000000 1.012025
 1430.500000 1.025656
 1431.000000 1.197643
 1431.500000 1.100117
 1432.000000 1.157662
 1432.500000 0.990441
 1433.000000 1.523638
 1433.500000 1.412217
 1434.000000 1.145280
 1434.500000 1.325848
 1435.000000 0.977438
 1435.500000 0.843003
 1436.000000 1.430451
 1436.500000 1.512496
 1437.000000 1.189602
 1437.500000 1.175587
 1438.000000 0.792139
 1438.500000 0.902992
 1439.000000 1.311395
 1439.500000 0.804027
 1440.000000 1.071849
 1440.500000 -3.061993
 1441.000000 -2.937120
 1441.500000 2.870761
 1442.000000 -2.885996
 1442.500000 2.859504
 1443.000000 3.074949
 1443.500000 -2.827905
 1444.000000 -3.069948
 1444.500000 2.992214
 1445.000000 3.009002
 1445.500000 -3.100631
 1446.000000 3.030883
 1446.500000 -2.723083
 1447.000000 2.838303
 1447.500000 2.914354
 1448.000000 -2.851324
 1448.500000 -3.032606
 1449.000000 -2.713810
 1449.500000 2.435424
 1450.000000 -2.995402
 1450.500000 -3.123420
 1451.000000 3.027114
 1451.500000 3.075458
 1452.000000 -2.769965
 1452.500000 -3.093133
 1453.000000 3.088067
 1453.500000 2.965765
 1454.000000 -2.951664
 1454.500000 -2.983242
 1455.000000 -3.122526
 1455.500000 2.809475
 1456.000000 3.032599
 1456.500000 -3.070337
 1457.000000 -3.129713
 1457.500000 2.969833
 1458.000000 3.088744
 1458.500000 -2.806334
 1459.000000 3.131235
 1459.500000 2.727512
 1460.000000 -3.110324
 1460.500000 -2.867084
 1461.000000 3.004445
 1461.500000 2.946221
 1462.000000 -2.843398
 1462.500000 -3.031454
 1463.000000 3.016777
 1463.500000 -3.085527
 1464.000000 3.044967
 1464.500000 -3.109155
 1465.000000 -2.976588
 1465.500000 2.912777
 1466.000000 -3.126788
 1466.500000 -3.001825
 1467.000000 3.031259
 1467.500000 3.007320
 1468.000000 -3.102446
 1468.500000 3.102795
 1469.000000 3.011342
 1469.500000 -2.777631
 1470.000000 3.124392
 1470.500000 2.944656
 1471.000000 -2.853361
 1471.500000 -3.089839
 1472.000000 2.799910
 1472.500000 -2.862462
 1473.000000 -3.063680
 1473.500000 2.929709
 1474.000000 -2.857007
 1474.500000 3.015975
 1475.000000 2.993923
 1475.500000 -2.887966
 1476.000000 -3.102532
 1476.500000 2.851481
 1477.000000 3.121607
 1477.500000 -3.001842
 1478.000000 -3.120538
 1478.500000 3.003003
 1479.000000 3.128810
 1479.500000 -2.948191
 1480.000000 2.969654
 1480.500000 -3.083175
 1481.000000 -3.009390
 1481.500000 2.965257
 1482.000000 -2.936127
 1482.500000 -3.094745
 1483.000000 2.795800
 1483.500000 -2.869616
 1484.000000 2.982546
 1484.500000 3.096327
 1485.000000 -3.074749
 1485.500000 2.942748
 1486.000000 -2.869928
 1486.500000 2.947108
 1487.000000 -3.133451
 1487.500000 -2.904444
 1488.000000 2.956297
 1488.500000 -3.119525
 1489.000000 -2.829428
 1489.500000 2.809693
 1490.000000 -2.738747
 1490.500000 2.825951
 1491.000000 3.061792
 1491.500000 -2.615196
 1492.000000 2.911876
 1492.500000 2.872349
 1493.000000 -2.844568
 1493.500000 -3.091818
 1494.000000 3.069082
 1494.500000 3.122217
 1495.000000 -2.902073
 1495.500000 -3.092953
 1496.000000 3.024306
 1496.500000 3.079988
 1497.000000 -3.071008
 1497.500000 3.081403
 1498.000000 -3.125338
 1498.500000 3.097519
 1499.000000 -3.097381
 1499.500000 -3.108244
 1500.000000 3.094841
 1500.500000 3.035392
 1501.000000 -2.833574
 1501.500000 -3.006126
 1502.000000 2.726909
 1502.500000 -2.903556
 1503.000000 -2.953926
 1503.500000 2.803970
 1504.000000 -2.782163
 1504.500000 2.793242
 1505.000000 -2.519407
 1505.500000 2.317428
 1506.000000 0.922214
 1506.500000 1.186279
 1507.000000 1.257741
 1507.500000 1.318900
 1508.000000 0.939656
 1508.500000 0.495875
 1509.000000 1.111872
 1509.500000 1.213134
 1510.000000 1.339591
 1510.500000 1.321135
 1511.000000 1.146527
 1511.500000 1.152400
 1512.000000 0.701833
 1512.500000 1.713472
 1513.000000 1.324719
 1513.500000 1.414162
 1514.000000 1.102717
 1514.500000 0.768015
 1515.000000 2.128274
 1515.500000 2.128469
 1516.000000 1.164006
 1516.500000 0.694160
 1517.000000 0.690800
 1517.500000 0.952906
 1518.000000 -0.744212
 1518.500000 -1.016898
 1519.000000 -1.581732
 1519.500000 -1.317708
 1520.000000 -1.052978
 1520.500000 -1.447748
 1521.000000 2.494627
 1521.500000 -1.034084
 1522.000000 -1.376679
 1522.500000 -1.163633
 1523.000000 -1.120858
 1523.500000 -1.239883
 1524.000000 -1.345790
 1524.500000 -0.915197
 1525.000000 -1.206756
 1525.500000 -1.192854
 1526.000000 -1.505263
 1526.500000 1.793866
 1527.000000 0.452968
 1527.500000 0.867279
 1528.000000 -1.954972
 1528.500000 1.481652
 1529.000000 1.998218
 1529.500000 -2.526910
 1530.000000 -0.935479
 1530.500000 -2.493158
 1531.000000 2.609973
 1531.500000 1.303898
 1532.000000 -1.379451
 1532.500000 -0.716603
 1533.000000 -0.967529
 1533.500000 -1.347121
 1534.000000 -0.902849
 1534.500000 -0.941646
 1535.000000 -1.320658
 1535.500000 -1.535104
 1536.000000 -0.866260
 1536.500000 -1.533744
 1537.000000 -1.278823
 1537.500000 -1.029615
 1538.000000 -1.253689
 1538.500000 -1.732428
 1539.000000 -0.831747
 1539.500000 -1.772499
 1540.000000 -1.196774
 1540.500000 -1.026659
 1541.000000 -1.434391
 1541.500000 -1.049079
 1542.000000 -1.145583
 1542.500000 -1.433352
 1543.000000 -1.387707
 1543.500000 -0.886955
 1544.000000 -1.274453
 1544.500000 -1.545744
 1545.000000 1.537343
 1545.500000 1.208459
 1546.000000 0.973384
 1546.500000 1.219614
 1547.000000 1.376459
 1547.500000 -2.754148
 1548.000000 -3.114933
 1548.500000 3.038318
 1549.000000 3.060900
 1549.500000 -2.812899
 1550.000000 3.039234
 1550.500000 -3.069557
 1551.000000 -2.945752
 1551.500000 -2.735496
 1552.000000 2.812227
 1552.500000 3.038835
 1553.000000 -3.136830
 1553.500000 -2.582707
 1554.000000 2.879504
 1554.500000 2.753047
 1555.000000 3.070961
 1555.500000 3.073483
 1556.000000 -3.079156
 1556.500000 -2.908251
 1557.000000 2.997467
 1557.500000 2.943131
 1558.000000 -3.122651
 1558.500000 -2.970054
 1559.000000 -3.114396
 1559.500000 3.126744
 1560.000000 -3.049261
 1560.500000 3.086917
 1561.000000 -3.124140
 1561.500000 -3.083551
 1562.000000 -3.051101
 1562.500000 3.137046
 1563.000000 3.048451
 1563.500000 3.101998
 1564.000000 3.128068
 1564.500000 -3.135085
 1565.000000 -3.102841
 1565.500000 3.041065
 1566.000000 -2.963484
 1566.500000 -2.833837
 1567.000000 -3.009796
 1567.500000 2.876684
 1568.000000 3.113790
 1568.500000 -2.938575
 1569.000000 -3.000898
 1569.500000 3.046230
 1570.000000 2.944579
 1570.500000 2.957226
 1571.000000 -2.676996
 1571.500000 2.941203
 1572.000000 2.872955
 1572.500000 -2.952175
 1573.000000 -3.132881
 1573.500000 -3.063973
 1574.000000 2.984594
 1574.500000 -3.016232
 1575.000000 2.563694
 1575.500000 -2.090020
 1576.000000 -1.693367
 1576.500000 -1.114341
 1577.000000 -1.278063
 1577.500000 -0.963117
 1578.000000 -1.529845
 1578.500000 -1.421683
 1579.000000 -1.518569
 1579.500000 -1.084206
 1580.000000 -1.037664
 1580.500000 -0.868700
 1581.000000 -1.253616
 1581.500000 -0.950361
 1582.000000 -1.237966
 1582.500000 -1.171163
 1583.000000 -1.254034
 1583.500000 -1.272614
 1584.000000 -1.452373
 1584.500000 -2.489696
 1585.000000 1.433666
 1585.500000 1.514977
 1586.000000 1.553629
 1586.500000 1.341838
 1587.000000 0.761542
 1587.500000 1.217049
 1588.000000 1.680564
 1588.500000 0.925119
 1589.000000 1.501796
 1589.500000 1.007835
 1590.000000 1.282840
 1590.500000 1.294589
 1591.000000 0.844574
 1591.500000 1.433201
 1592.000000 1.238195
 1592.500000 0.912937
 1593.000000 1.125673
 1593.500000 1.255722
 1594.000000 0.637277
 1594.500000 1.448135
 1595.000000 1.244647
 1595.500000 2.071857
 1596.000000 -1.129412
 1596.500000 -1.458527
 1597.000000 -1.618714
 1597.500000 -0.797755
 1598.000000 -0.951001
 1598.500000 0.356912
 1599.000000 2.250108
 1599.500000 -0.731702
 1600.000000 -1.633539
 1600.500000 -1.479684
 1601.000000 1.403082
 1601.500000 1.445485
 1602.000000 1.513455
 1602.500000 0.380539
 1603.000000 1.169575
 1603.500000 1.472277
 1604.000000 1.396522
 1604.500000 0.934450
 1605.000000 0.798764
 1605.500000 0.739441
 1606.000000 0.965829
 1606.500000 0.960299
 1607.000000 0.971377
 1607.500000 -1.562897
 1608.000000 -1.099874
 1608.500000 -1.141095
 1609.000000 -1.006168
 1609.500000 -1.194483
 1610.000000 -0.922620
 1610.500000 -1.041382
 1611.000000 -1.209668
 1611.500000 -1.197222
 1612.000000 -0.793392
 1612.500000 0.797356
 1613.000000 1.061567
 1613.500000 1.419324
 1614.000000 1.048153
 1614.500000 0.967750
 1615.000000 1.117538
 1615.500000 1.173868
 1616.000000 1.509340
 1616.500000 1.507393
 1617.000000 1.830166
 1617.500000 1.048839
 1618.000000 1.152786
 1618.500000 1.280784
 1619.000000 0.660913
 1619.500000 1.056648
 1620.000000 1.115634
 1620.500000 1.313936
 1621.000000 0.996644
 1621.500000 1.104537
 1622.000000 1.353090
 1622.500000 1.478001
 1623.000000 1.854483
 1623.500000 -1.259662
 1624.000000 -0.923704
 1624.500000 -0.968843
 1625.000000 -1.405035
 1625.500000 -1.871445
 1626.000000 2.897724
 1626.500000 -2.694554
 1627.000000 -2.324323
 1627.500000 -3.115663
 1628.000000 3.091036
 1628.500000 2.716680
 1629.000000 -2.727715
 1629.500000 -3.026441
 1630.000000 2.710140
 1630.500000 -2.856017
 1631.000000 -2.842721
 1631.500000 2.739466
 1632.000000 -2.791819
 1632.500000 -3.051263
 1633.000000 -2.978185
 1633.500000 -2.897275
 1634.000000 2.936571
 1634.500000 2.846200
 1635.000000 -2.699829
 1635.500000 2.710314
 1636.000000 -2.743500
 1636.500000 2.725055
 1637.000000 -2.878685
 1637.500000 -3.102208
 1638.000000 2.901905
 1638.500000 -2.675681
 1639.000000 2.677697
 1639.500000 -2.597437
 1640.000000 2.722070
 1640.500000 -3.033064
 1641.000000 3.032072
 1641.500000 2.850602
 1642.000000 -2.648090
 1642.500000 2.672766
 1643.000000 3.030487
 1643.500000 -2.808354
 1644.000000 2.844330
 1644.500000 3.139702
 1645.000000 -2.681458
 1645.500000 2.996776
 1646.000000 -3.095406
 1646.500000 -2.895777
 1647.000000 2.635417
 1647.500000 3.093881
 1648.000000 2.885550
 1648.500000 3.011928
 1649.000000 2.935339
 1649.500000 2.887846
 1650.000000 -3.032312
 1650.500000 -2.844716
 1651.000000 -2.848090
 1651.500000 2.883828
 1652.000000 2.902760
 1652.500000 2.847069
 1653.000000 3.094997
 1653.500000 -2.982528
 1654.000000 -3.004361
 1654.500000 -2.812931
 1655.000000 -2.974255
 1655.500000 2.974276
 1656.000000 2.964523
 1656.500000 3.078364
 1657.000000 2.994787
 1657.500000 2.896845
 1658.000000 3.140545
 1658.500000 -3.022404
 1659.000000 2.771983
 1659.500000 3.029442
 1660.000000 -3.098044
 1660.500000 -2.743288
 1661.000000 3.088747
 1661.500000 2.830873
 1662.000000 -3.097763
 1662.500000 -2.809796
 1663.000000 2.919976
 1663.500000 -3.117535
 1664.000000 -3.024223
 1664.500000 -3.001239
 1665.000000 -2.793629
 1665.500000 -2.794747
 1666.000000 -2.606450
 1666.500000 -2.968129
 1667.000000 2.748306
 1667.500000 3.028726
 1668.000000 -2.978400
 1668.500000 -2.883971
 1669.000000 -2.712434
 1669.500000 -2.941875
 1670.000000 2.789272
 1670.500000 2.918356
 1671.000000 -2.748058
 1671.500000 -2.911285
 1672.000000 2.757375
 1672.500000 3.125295
 1673.000000 -2.801685
 1673.500000 2.901896
 1674.000000 2.781614
 1674.500000 -2.460642
 1675.000000 2.710436
 1675.500000 2.886819
 1676.000000 -2.728932
 1676.500000 2.962120
 1677.000000 2.995247
 1677.500000 -2.785947
 1678.000000 -3.024880
 1678.500000 2.862467
 1679.000000 3.033952
 1679.500000 -2.974547
 1680.000000 -2.820861
 1680.500000 2.924245
 1681.000000 2.968682
 1681.500000 -2.752893
 1682.000000 -2.858522
 1682.500000 2.951519
 1683.000000 2.944775
 1683.500000 -2.871802
 1684.000000 -2.856895
 1684.500000 2.786290
 1685.000000 3.044239
 1685.500000 -2.863262
 1686.000000 -2.860159
 1686.500000 2.743440
 1687.000000 -2.982488
 1687.500000 -2.702061
 1688.000000 2.943945
 1688.500000 2.765439
 1689.000000 -3.082330
 1689.500000 -2.922055
 1690.000000 -3.090377
 1690.500000 2.899526
 1691.000000 2.713399
 1691.500000 -2.762074
 1692.000000 -3.045464
 1692.500000 -3.056642
 1693.000000 -2.882899
 1693.500000 -3.087181
 1694.000000 3.036538
 1694.500000 3.090344
 1695.000000 -2.443167
 1695.500000 2.697879
 1696.000000 1.652593
 1696.500000 1.879000
 1697.000000 1.465041
 1697.500000 1.055348
 1698.000000 1.016158
 1698.500000 1.608189
 1699.000000 0.958064
 1699.500000 1.312032
 1700.000000 1.296064
 1700.500000 1.885310
 1701.000000 1.018003
 1701.500000 0.947606
 1702.000000 0.735477
 1702.500000 1.043852
 1703.000000 1.171473
 1703.500000 1.097506
 1704.000000 2.795008
 1704.500000 2.492997
 1705.000000 -1.881794
 1705.500000 -1.335648
 1706.000000 -1.555460
 1706.500000 -1.188941
 1707.000000 -1.001114
 1707.500000 -1.003417
 1708.000000 -1.209847
 1708.500000 -1.461357
 1709.000000 -1.336325
 1709.500000 -0.949295
 1710.000000 -1.199030
 1710.500000 -0.938670
 1711.000000 -1.408024
 1711.500000 -1.252127
 1712.000000 -0.998860
 1712.500000 -1.205203
 1713.000000 -1.171386
 1713.500000 -1.144731
 1714.000000 -0.847690
 1714.500000 -1.265472
 1715.000000 -1.479404
 1715.500000 -1.276507
 1716.000000 -1.264506
 1716.500000 -0.893320
 1717.000000 -0.916005
 1717.500000 -1.313851
 1718.000000 -1.043232
 1718.500000 -0.992509
 1719.000000 -1.683888
 1719.500000 -0.709967
 1720.000000 -1.094167
 1720.500000 -1.580715
 1721.000000 -1.162240
 1721.500000 -0.745601
 1722.000000 -1.760232
 1722.500000 -0.649115
 1723.000000 -1.350607
 1723.500000 -0.903798
 1724.000000 -0.974627
 1724.500000 -1.437368
 1725.000000 -1.149373
 1725.500000 -0.893738
 1726.000000 -2.047606
 1726.500000 2.892609
 1727.000000 2.717571
 1727.500000 -2.600265
 1728.000000 2.397919
 1728.500000 2.135114
 1729.000000 1.144759
 1729.500000 0.994881
 1730.000000 1.491671
 1730.500000 1.016048
 1731.000000 1.294413
 1731.500000 1.216036
 1732.000000 1.286856
 1732.500000 1.195826
 1733.000000 1.120693
 1733.500000 0.552452
 1734.000000 0.908961
 1734.500000 1.424463
 1735.000000 1.124138
 1735.500000 1.222254
 1736.000000 1.180507
 1736.500000 0.725685
 1737.000000 0.924842
 1737.500000 1.723891
 1738.000000 1.252524
 1738.500000 1.102814
 1739.000000 1.586731
 1739.500000 1.036081
 1740.000000 0.953631
 1740.500000 1.079352
 1741.000000 1.401246
 1741.500000 1.093552
 1742.000000 1.234431
 1742.500000 1.155751
 1743.000000 1.074537
 1743.500000 1.486616
 1744.000000 1.392333
 1744.500000 1.090316
 1745.000000 1.253763
 1745.500000 1.469654
 1746.000000 1.527183
 1746.500000 1.377535
 1747.000000 0.994065
 1747.500000 0.662047
 1748.000000 1.045351
 1748.500000 1.435201
 1749.000000 0.956163
 1749.500000 0.976785
 1750.000000 1.263753
 1750.500000 0.837891
 1751.000000 1.272902
 1751.500000 1.807659
 1752.000000 1.336972
 1752.500000 -0.558602
 1753.000000 -1.286670
 1753.500000 -2.038944
 1754.000000 1.884631
 1754.500000 -2.222840
 1755.000000 2.642010
 1755.500000 0.696875
 1756.000000 -0.248423
 1756.500000 -1.910751
 1757.000000 2.231648
 1757.500000 0.723487
 1758.000000 2.928356
 1758.500000 -0.764349
 1759.000000 -1.556463
 1759.500000 -0.860399
 1760.000000 -0.451302
 1760.500000 -2.400765
 1761.000000 1.089955
 1761.500000 1.113903
 1762.000000 -0.110861
 1762.500000 -2.337519
 1763.000000 1.502453
 1763.500000 0.769811
 1764.000000 -2.319269
 1764.500000 -2.803954
 1765.000000 2.905935
 1765.500000 1.982457
 1766.000000 1.254053
 1766.500000 1.266298
 1767.000000 1.167817
 1767.500000 1.523715
 1768.000000 1.546652
 1768.500000 1.071436
 1769.000000 1.289407
 1769.500000 1.254818
 1770.000000 0.757311
 1770.500000 1.368495
 1771.000000 1.683753
 1771.500000 1.235055
 1772.000000 0.875744
 1772.500000 1.497701
 1773.000000 1.117046
 1773.500000 1.048974
 1774.000000 0.957827
 1774.500000 1.097157
 1775.000000 1.453815
 1775.500000 1.452396
 1776.000000 -2.389187
 1776.500000 1.402299
 1777.000000 1.436991
 1777.500000 1.527684
 1778.000000 0.897363
 1778.500000 2.652329
 1779.000000 -1.433432
 1779.500000 2.203197
 1780.000000 1.683603
 1780.500000 1.265198
 1781.000000 1.326458
 1781.500000 1.418635
 1782.000000 1.673040
 1782.500000 1.025630
 1783.000000 0.887484
 1783.500000 1.528856
 1784.000000 0.840379
 1784.500000 1.478914
 1785.000000 0.940430
 1785.500000 0.846494
 1786.000000 1.294062
 1786.500000 1.460880
 1787.000000 0.519635
 1787.500000 1.124055
 1788.000000 1.116710
 1788.500000 1.302919
 1789.000000 0.911964
 1789.500000 0.880730
 1790.000000 1.828466
 1790.500000 1.129695
 1791.000000 0.963688
 1791.500000 1.341251
 1792.000000 0.969477
 1792.500000 1.120135
 1793.000000 0.483360
 1793.500000 -3.041474
 1794.000000 0.887473
 1794.500000 0.975120
 1795.000000 1.251699
 1795.500000 1.194044
 1796.000000 0.898812
 1796.500000 1.091755
 1797.000000 1.774175
 1797.500000 0.915459
 1798.000000 1.160476
 1798.500000 1.312365
 1799.000000 0.890521
 1799.500000 1.041353
 1800.000000 1.038809
 1800.500000 1.332733
 1801.000000 1.004341
 1801.500000 1.326359
 1802.000000 0.937021
 1802.500000 1.066355
 1803.000000 1.208441
 1803.500000 1.050258
 1804.000000 1.207921
 1804.500000 1.028172
 1805.000000 1.050818
 1805.500000 1.240817
 1806.000000 1.202183
 1806.500000 1.097530
 1807.000000 1.094351
 1807.500000 1.110593
 1808.000000 1.189090
 1808.500000 1.070667
 1809.000000 1.017195
 1809.500000 0.904655
 1810.000000 1.151877
 1810.500000 1.300553
 1811.000000 1.116741
 1811.500000 0.968484
 1812.000000 0.957426
 1812.500000 1.313694
 1813.000000 1.591575
 1813.500000 0.967742
 1814.000000 1.047014
 1814.500000 1.345102
 1815.000000 1.446070
 1815.500000 0.963522
 1816.000000 1.157339
 1816.500000 1.378261
 1817.000000 1.311678
 1817.500000 1.087490
 1818.000000 1.022297
 1818.500000 1.234503
 1819.000000 0.857649
 1819.500000 1.076778
 1820.000000 1.333323
 1820.500000 1.237969
 1821.000000 0.922881
 1821.500000 1.039323
 1822.000000 1.352761
 1822.500000 0.917993
 1823.000000 1.205049
 1823.500000 1.396028
 1824.000000 0.632422
 1824.500000 1.437775
 1825.000000 1.135449
 1825.500000 0.913372
 1826.000000 1.031942
 1826.500000 1.718414
 1827.000000 1.090505
 1827.500000 0.900059
 1828.000000 1.097758
 1828.500000 1.153549
 1829.000000 0.678543
 1829.500000 1.503169
 1830.000000 0.820849
 1830.500000 1.098798
 1831.000000 1.391421
 1831.500000 0.769021
 1832.000000 1.131712
 1832.500000 1.319528
 1833.000000 0.975739
 1833.500000 1.143197
 1834.000000 1.235548
 1834.500000 1.188533
 1835.000000 1.215503
 1835.500000 0.864008
 1836.000000 1.372355
 1836.500000 1.133985
 1837.000000 1.100256
 1837.500000 1.149355
 1838.000000 1.057209
 1838.500000 1.102318
 1839.000000 1.161991
 1839.500000 1.058690
 1840.000000 1.045971
 1840.500000 0.923792
 1841.000000 1.477424
 1841.500000 1.165521
 1842.000000 0.980288
 1842.500000 1.370166
 1843.000000 0.838887
 1843.500000 1.350555
 1844.000000 1.292803
 1844.500000 -1.771450
 1845.000000 -1.758290
 1845.500000 -1.374306
 1846.000000 -1.693677
 1846.500000 -0.978343
 1847.000000 -2.126072
 1847.500000 -1.775077
 1848.000000 2.189824
 1848.500000 1.200200
 1849.000000 1.203995
 1849.500000 0.622674
 1850.000000 0.823332
 1850.500000 -2.312996
 1851.000000 -0.635576
 1851.500000 -1.567841
 1852.000000 -1.530456
 1852.500000 -0.814718
 1853.000000 -1.509745
 1853.500000 -1.475000
 1854.000000 -0.760499
 1854.500000 -1.369645
 1855.000000 2.457573
 1855.500000 0.697315
 1856.000000 0.680574
 1856.500000 1.388697
 1857.000000 2.148227
 1857.500000 -2.631386
 1858.000000 2.396587
 1858.500000 3.012136
 1859.000000 -2.044870
 1859.500000 -1.107277
 1860.000000 -2.031913
 1860.500000 -1.386294
 1861.000000 -1.470752
 1861.500000 -1.178576
 1862.000000 -1.086701
 1862.500000 -1.214708
 1863.000000 -0.692517
 1863.500000 -1.226895
 1864.000000 -0.830598
 1864.500000 -1.363481
 1865.000000 2.249714
 1865.500000 -1.035543
 1866.000000 -0.897921
 1866.500000 -1.377154
 1867.000000 -1.072199
 1867.500000 -1.646809
 1868.000000 -0.788409
 1868.500000 -1.262272
 1869.000000 -0.922801
 1869.500000 -1.574306
 1870.000000 -0.736132
 1870.500000 -0.855256
 1871.000000 -0.981226
 1871.500000 -0.848123
 1872.000000 -1.025987
 1872.500000 -1.034865
 1873.000000 -1.226898
 1873.500000 -1.212164
 1874.000000 -0.878344
 1874.500000 -1.379066
 1875.000000 -1.285386
 1875.500000 -1.144915
 1876.000000 -1.304184
 1876.500000 -1.063032
 1877.000000 -1.085202
 1877.500000 -1.054010
 1878.000000 -0.982348
 1878.500000 -1.357286
 1879.000000 -1.110635
 1879.500000 -2.975736
 1880.000000 -0.835073
 1880.500000 -1.268076
 1881.000000 -1.156653
 1881.500000 -1.787811
 1882.000000 0.944933
 1882.500000 0.917448
 1883.000000 0.992134
 1883.500000 1.076284
 1884.000000 1.174526
 1884.500000 1.723627
 1885.000000 0.879742
 1885.500000 0.842873
 1886.000000 1.069193
 1886.500000 1.135481
 1887.000000 1.438629
 1887.500000 1.444207
 1888.000000 1.177585
 1888.500000 1.217562
 1889.000000 1.131729
 1889.500000 1.051915
 1890.000000 1.792565
 1890.500000 1.407952
 1891.000000 1.024616
 1891.500000 2.617657
 1892.000000 -1.571818
 1892.500000 -1.321170
 1893.000000 -1.203764
 1893.500000 -1.070696
 1894.000000 -1.207397
 1894.500000 -1.096585
 1895.000000 -1.028371
 1895.500000 -1.191245
 1896.000000 -1.614973
 1896.500000 -2.570890
 1897.000000 2.342309
 1897.500000 -1.383344
 1898.000000 -1.152817
 1898.500000 -1.053137
 1899.000000 -1.105209
 1899.500000 -1.177994
 1900.000000 -1.095791
 1900.500000 -1.008326
 1901.000000 -1.286631
 1901.500000 -0.994577
 1902.000000 -1.112959
 1902.500000 -1.297442
 1903.000000 -0.827394
 1903.500000 -0.589900
 1904.000000 -2.586637
 1904.500000 2.509330
 1905.000000 -2.896537
 1905.500000 -2.931456
 1906.000000 -2.762930
 1906.500000 -2.846067
 1907.000000 -2.899927
 1907.500000 3.134516
 1908.000000 2.829561
 1908.500000 2.761751
 1909.000000 3.050675
 1909.500000 -2.993829
 1910.000000 -2.896237
 1910.500000 -2.763649
 1911.000000 2.903562
 1911.500000 3.103532
 1912.000000 -3.124715
 1912.500000 -3.078720
 1913.000000 -2.689706
 1913.500000 2.959014
 1914.000000 2.824881
 1914.500000 2.966089
 1915.000000 2.608479
 1915.500000 -2.909777
 1916.000000 -2.864213
 1916.500000 -3.050680
 1917.000000 3.050166
 1917.500000 -3.042638
 1918.000000 -2.909669
 1918.500000 -3.013108
 1919.000000 -3.022420
 1919.500000 2.817872
 1920.000000 2.977846
 1920.500000 -3.079256
 1921.000000 -2.915765
 1921.500000 -3.108098
 1922.000000 2.932875
 1922.500000 3.116837
 1923.000000 2.978548
 1923.500000 -3.132285
 1924.000000 3.135550
 1924.500000 3.034137
 1925.000000 3.083085
 1925.500000 -2.731887
 1926.000000 3.012585
 1926.500000 2.804853
 1927.000000 3.072317
 1927.500000 3.138088
 1928.000000 2.851410
 1928.500000 3.095532
 1929.000000 -2.955483
 1929.500000 -3.093229
 1930.000000 3.027918
 1930.500000 3.128430
 1931.000000 -3.130556
 1931.500000 -3.033979
 1932.000000 -3.112783
 1932.500000 -3.091186
 1933.000000 -3.064110
 1933.500000 3.108963
 1934.000000 3.028766
 1934.500000 2.985247
 1935.000000 -3.131164
 1935.500000 -2.904563
 1936.000000 -3.083516
 1936.500000 -3.033725
 1937.000000 3.129845
 1937.500000 2.945719
 1938.000000 3.004402
 1938.500000 3.044640
 1939.000000 -3.008905
 1939.500000 -2.956791
 1940.000000 -3.027309
 1940.500000 3.082611
 1941.000000 2.775689
 1941.500000 3.006910
 1942.000000 2.956934
 1942.500000 -2.979091
 1943.000000 -2.768323
 1943.500000 -3.008387
 1944.000000 2.711774
 1944.500000 2.900883
 1945.000000 -2.868160
 1945.500000 -2.742860
 1946.000000 -2.919253
 1946.500000 2.845718
 1947.000000 2.850762
 1947.500000 -2.935056
 1948.000000 -3.063959
 1948.500000 2.933911
 1949.000000 -3.101569
 1949.500000 -2.873884
 1950.000000 2.933383
 1950.500000 2.943663
 1951.000000 -2.974888
 1951.500000 -2.846951
 1952.000000 3.058389
 1952.500000 -2.788439
 1953.000000 3.092093
 1953.500000 2.778871
 1954.000000 -2.674087
 1954.500000 2.874038
 1955.000000 2.641867
 1955.500000 -0.827411
 1956.000000 -1.091603
 1956.500000 2.052809
 1957.000000 1.459777
 1957.500000 -1.863697
 1958.000000 0.925970
 1958.500000 -1.060824
 1959.000000 -0.838536
 1959.500000 -1.212263
 1960.000000 2.666845
 1960.500000 2.604645
 1961.000000 -2.603340
 1961.500000 2.656853
 1962.000000 -2.403785
 1962.500000 2.117842
 1963.000000 2.066969
 1963.500000 1.477529
 1964.000000 1.470134
 1964.500000 1.021965
 1965.000000 0.666297
 1965.500000 1.351552
 1966.000000 1.718096
 1966.500000 1.399473
 1967.000000 1.273039
 1967.500000 1.413855
 1968.000000 1.217395
 1968.500000 0.669060
 1969.000000 0.678809
 1969.500000 1.333002
 1970.000000 1.294618
 1970.500000 1.128824
 1971.000000 1.069586
 1971.500000 1.526970
 1972.000000 1.207361
 1972.500000 1.074514
 1973.000000 1.324142
 1973.500000 1.124941
 1974.000000 1.168180
 1974.500000 1.176075
 1975.000000 1.218630
 1975.500000 1.479193
 1976.000000 1.039019
 1976.500000 1.524573
 1977.000000 1.430649
 1977.500000 1.433511
 1978.000000 -2.157631
 1978.500000 -1.430016
 1979.000000 -1.385854
 1979.500000 -0.839498
 1980.000000 -1.026773
 1980.500000 -1.521248
 1981.000000 -1.450995
 1981.500000 -0.734471
 1982.000000 -2.073747
 1982.500000 -1.024943
 1983.000000 -0.893930
 1983.500000 -1.023025
 1984.000000 -1.408556
 1984.500000 -0.762501
 1985.000000 -1.455354
 1985.500000 -1.613433
 1986.000000 -1.241555
 1986.500000 -1.492840
 1987.000000 -1.002435
 1987.500000 -0.992027
 1988.000000 -1.344362
 1988.500000 1.413465
 1989.000000 1.790469
 1989.500000 0.728095
 1990.000000 1.063514
 1990.500000 1.127965
 1991.000000 1.010475
 1991.500000 1.198628
 1992.000000 0.929989
 1992.500000 0.781603
 1993.000000 1.326424
 1993.500000 0.678149
 1994.000000 0.770775
 1994.500000 0.891703
 1995.000000 -1.336061
 1995.500000 -1.521997
 1996.000000 -0.891575
 1996.500000 -0.958520
 1997.000000 -1.632807
 1997.500000 -1.416896
 1998.000000 -1.219102
 1998.500000 -1.104934
 1999.000000 -0.964209
 1999.500000 -1.432072
 2000.000000 -0.943499
